1 340.1230395701293 0.0047681331634521484 0.0047681331634521484 0.33333333333333337 1.0 -235.26129495477784
1 296.2518296037966 0.0020017623901367188 0.006769895553588867 0.33333333333333337 1.0 -217.34573950553596
1 258.0394043711961 0.002039194107055664 0.008809089660644531 0.33333333333333337 1.0 -184.97546249082478
1 224.75585820783184 0.002273082733154297 0.011082172393798828 0.33333333333333337 1.0 -146.4474858912838
1 195.7654332749569 0.0018780231475830078 0.012960195541381836 0.33333333333333337 1.0 -106.1103149570676
1 170.51437578055598 0.007378101348876953 0.02033829689025879 0.5714285714285715 1.0 -95.24205664716612
1 148.52035858136387 0.004742860794067383 0.025081157684326172 0.5714285714285715 1.0 -104.48801184687585
1 129.3632681242366 0.01209878921508789 0.03717994689941406 0.5 1.0 -97.30790830563106
1 112.67717974580087 0.006203174591064453 0.043383121490478516 0.5 1.0 -89.51875018497662
1 98.14336804845188 0.013690948486328125 0.05707406997680664 0.8000000000000002 1.0 -133.67206534474613
1 85.48421884203968 0.009727954864501953 0.0668020248413086 0.8000000000000002 1.0 -140.3752565898257
1 74.4579263616275 0.009771108627319336 0.07657313346862793 0.8333333333333333 1.0 -137.39836229249448
1 64.8538744714727 0.02257394790649414 0.09914708137512207 0.7692307692307693 1.0 -134.14944530244279
1 56.488613630383696 0.022251129150390625 0.1213982105255127 0.6666666666666666 1.0 -120.55324593831942
1 49.20235677340115 0.021159887313842773 0.14255809783935547 0.5882352941176471 1.0 -107.42963029388915
1 42.85592717671037 0.023279190063476562 0.16583728790283203 0.5555555555555556 1.0 -98.19398210822739
1 37.32810000614418 0.028035879135131836 0.19387316703796387 0.5 1.0 -87.72178071199998
1 32.5132867694885 0.11453890800476074 0.3084120750427246 0.4 1.0 -81.71651945787173
1 28.319518442701252 0.10783696174621582 0.41624903678894043 0.37037037037037035 1.0 -77.10420027667263
1 24.666688745202894 0.0933837890625 0.5096328258514404 0.3448275862068966 1.0 -71.75378527406556
1 21.485024008575007 0.11694908142089844 0.6265819072723389 0.3125 1.0 -64.98302125159238
1 18.713750411222755 0.13112783432006836 0.7577097415924072 0.29411764705882354 1.0 -58.71980283351873
1 16.29993312149746 0.25469112396240234 1.0124008655548096 0.2702702702702703 1.0 -53.26332821483024
1 14.19746517544421 0.5279591083526611 1.5403599739074707 0.21621621621621623 1.0 -46.83789582278507
1 12.36618677546043 0.18050384521484375 1.7208638191223145 0.2222222222222222 1.0 -42.59632200389195
1 10.77111818735542 0.08680295944213867 1.8076667785644531 0.2222222222222222 1.0 -37.94475953248437
1 9.381791583174516 0.10137796401977539 1.9090447425842285 0.2105263157894737 1.0 -33.43944024386031
1 8.171669067140261 0.09954595565795898 2.0085906982421875 0.20512820512820512 1.0 -29.303255375665046
1 7.117635768269965 0.13077187538146973 2.1393625736236572 0.19999999999999998 1.0 -25.46824706200521
1 6.199558317097274 0.22778606414794922 2.3671486377716064 0.19047619047619047 1.0 -21.956734513229435
1 5.399900272844675 0.2899188995361328 2.6570675373077393 0.18181818181818182 1.0 -18.784864607433416
1 4.703387155219256 0.425508975982666 3.0825765132904053 0.1739130434782609 1.0 -16.373959917858006
1 4.0967146825153575 0.34432101249694824 3.4268975257873535 0.1739130434782609 1.0 -14.30385340418054
1 3.5682946430027713 0.41988587379455566 3.846783399581909 0.1702127659574468 1.0 -12.29401556968985
1 3.10803354542241 0.49120521545410156 4.337988615036011 0.1702127659574468 1.0 -10.477115518639637
1 2.7071398205340165 0.3004438877105713 4.638432502746582 0.1702127659574468 1.0 -8.989391963938264
