1 303.1687212771854 0.021651029586791992 0.021651029586791992 0.09523809523809523 1.0 4773.7754832261
1 289.52524151478036 0.001644134521484375 0.023295164108276367 0.09523809523809523 1.0 4558.94924474968
1 276.4957582730024 0.0016329288482666016 0.02492809295654297 0.09523809523809523 1.0 4353.787830838733
1 264.05263991139714 0.0016820430755615234 0.026610136032104492 0.09523809523809523 1.0 4157.857462884976
1 252.16949829420196 0.0017330646514892578 0.02834320068359375 0.09523809523809523 1.0 3970.7434278534724
1 240.82113282899564 0.0018329620361328125 0.030176162719726562 0.09523809523809523 1.0 3792.0493981420027
1 229.9834770237722 0.0016841888427734375 0.0318603515625 0.09523809523809523 1.0 3621.3967126886437
1 219.63354744910302 0.0018649101257324219 0.03372526168823242 0.09523809523809523 1.0 3458.423648091487
1 209.74939499715097 0.00186920166015625 0.03559446334838867 0.09523809523809523 1.0 3302.7846966987695
1 200.31005833417152 0.001821279525756836 0.03741574287414551 0.09523809523809523 1.0 3154.1498614336324
1 191.29551944778774 0.0017120838165283203 0.03912782669067383 0.09523809523809523 1.0 3012.203972749226
1 182.68666119476762 0.001688241958618164 0.04081606864929199 0.09523809523809523 1.0 2876.646030468476
1 174.46522675927622 0.0018527507781982422 0.042668819427490234 0.09523809523809523 1.0 2747.188571675444
1 166.61378093562448 0.0016760826110839844 0.04434490203857422 0.09523809523809523 1.0 2623.5570648799844
1 159.11567315340835 0.0016508102416992188 0.04599571228027344 0.09523809523809523 1.0 2505.4893301230577
1 151.95500216662424 0.0018248558044433594 0.0478205680847168 0.09523809523809523 1.0 2392.7349843730576
1 145.11658233187802 0.001772165298461914 0.04959273338317871 0.09523809523809523 1.0 2285.054911390416
1 138.58591140417317 0.0017390251159667969 0.05133175849914551 0.09523809523809523 1.0 2182.2207551514266
1 132.3491397819828 0.0016829967498779297 0.05301475524902344 0.09523809523809523 1.0 2084.014435887989
1 126.39304113638325 0.0016210079193115234 0.05463576316833496 0.09523809523809523 1.0 1990.2276877966397
1 120.70498436196283 0.0018439292907714844 0.056479692459106445 0.09523809523809523 1.0 1900.6616174850021
1 115.27290679002175 0.0016603469848632812 0.05814003944396973 0.09523809523809523 1.0 1815.1262822487013
1 110.08528860725636 0.0016660690307617188 0.059806108474731445 0.09523809523809523 1.0 1733.4402873023346
1 105.13112842567746 0.0016481876373291016 0.06145429611206055 0.09523809523809523 1.0 1655.430401121212
1 100.39991995195396 0.0018079280853271484 0.0632622241973877 0.09523809523809523 1.0 1580.9311880847517
1 95.88162970670416 0.0018360614776611328 0.06509828567504883 0.09523809523809523 1.0 1509.7846576464585
1 91.56667574648414 0.001667022705078125 0.06676530838012695 0.09523809523809523 1.0 1441.83992928895
1 87.44590734334916 0.0016620159149169922 0.06842732429504395 0.09523809523809523 1.0 1376.9529125549486
1 83.51058557889404 0.001894235610961914 0.07032155990600586 0.09523809523809523 1.0 1314.986001476587
1 79.75236481161869 0.0017070770263671875 0.07202863693237305 0.09523809523809523 1.0 1255.8077827555496
1 76.16327497831621 0.0016469955444335938 0.07367563247680664 0.09523809523809523 1.0 1199.292757075507
1 72.73570469195057 0.0016171932220458984 0.07529282569885254 0.09523809523809523 1.0 1145.3210729560335
1 69.46238510017916 0.0016489028930664062 0.07694172859191895 0.09523809523809523 1.0 1093.7782725837167
1 66.33637447028902 0.0017590522766113281 0.07870078086853027 0.09523809523809523 1.0 1044.5550490815056
1 63.351043467856165 0.001580953598022461 0.08028173446655273 0.09523809523809523 1.0 997.5470147015927
1 60.50006109790816 0.0016160011291503906 0.08189773559570312 0.09523809523809523 1.0 952.6544794502563
1 57.77738127877572 0.0018661022186279297 0.08376383781433105 0.09523809523809523 1.0 909.7822396752092
1 55.17723002016019 0.0016748905181884766 0.08543872833251953 0.09523809523809523 1.0 868.8393761671273
1 52.69409317822545 0.0018389225006103516 0.08727765083312988 0.09523809523809523 1.0 829.7390613471854
1 50.32270476174666 0.0015828609466552734 0.08886051177978516 0.09523809523809523 1.0 792.3983751317194
1 48.05803576451644 0.0017879009246826172 0.09064841270446777 0.09523809523809523 1.0 756.7381290835112
1 45.89528350032546 0.0017468929290771484 0.09239530563354492 0.09523809523809523 1.0 722.6826984767795
1 43.82986141790018 0.001811981201171875 0.0942072868347168 0.09523809523809523 1.0 690.1598619197365
1 41.857389374198156 0.0015578269958496094 0.0957651138305664 0.09523809523809523 1.0 659.1006481945992
1 39.973684345433526 0.0017693042755126953 0.0975344181060791 0.09523809523809523 1.0 629.4391899902472
1 38.174751556133494 0.0016090869903564453 0.09914350509643555 0.09523809523809523 1.0 601.1125842173375
1 36.45677600741339 0.0015578269958496094 0.10070133209228516 0.09523809523809523 1.0 574.0607586096505
1 34.816114386503926 0.0015728473663330078 0.10227417945861816 0.09523809523809523 1.0 548.226344328764
1 33.249287340373584 0.0016748905181884766 0.10394906997680664 0.09523809523809523 1.0 523.5545543018895
1 31.752972097060535 0.0017521381378173828 0.10570120811462402 0.09523809523809523 1.0 499.9930670348642
1 30.32399541906621 0.0016512870788574219 0.10735249519348145 0.09523809523809523 1.0 477.4919156538944
1 28.959326873866843 0.0017261505126953125 0.10907864570617676 0.09523809523809523 1.0 456.00338194074936
1 27.65607240727155 0.001714944839477539 0.1107935905456543 0.09523809523809523 1.0 435.48189513667836
1 26.411468205998318 0.0017080307006835938 0.11250162124633789 0.09523809523809523 1.0 415.88393530044976
1 25.22287483645185 0.0016570091247558594 0.11415863037109375 0.09523809523809523 1.0 397.1679410155602
1 24.087771647273673 0.0016813278198242188 0.11583995819091797 0.09523809523809523 1.0 379.29422125088996
1 23.003751423793762 0.0017118453979492188 0.11755180358886719 0.09523809523809523 1.0 362.22487118788547
1 21.96851528304765 0.0016100406646728516 0.11916184425354004 0.09523809523809523 1.0 345.9236918357675
1 20.979867798532567 0.0016121864318847656 0.1207740306854248 0.09523809523809523 1.0 330.35611326428744
1 20.035712344363844 0.0016040802001953125 0.12237811088562012 0.09523809523809523 1.0 315.4891212912363
1 19.134046648957984 0.001834869384765625 0.12421298027038574 0.09523809523809523 1.0 301.2911874692293
1 18.272958548812955 0.0016591548919677734 0.12587213516235352 0.09523809523809523 1.0 287.7322022232909
1 17.450621933380727 0.0017790794372558594 0.12765121459960938 0.09523809523809523 1.0 274.78341099744233
1 16.66529287243258 0.0017490386962890625 0.12940025329589844 0.09523809523809523 1.0 262.41735327488277
1 15.915305917704154 0.0018317699432373047 0.13123202323913574 0.09523809523809523 1.0 250.60780434243762
1 15.199070570977366 0.0016660690307617188 0.13289809226989746 0.09523809523809523 1.0 239.32971967577865
1 14.515067911108973 0.0016927719116210938 0.13459086418151855 0.09523809523809523 1.0 228.5591818274724
1 13.861847372852695 0.0016911029815673828 0.13628196716308594 0.09523809523809523 1.0 218.27334970522026
1 13.238023670643821 0.0017981529235839844 0.13808012008666992 0.09523809523809523 1.0 208.45041013272802
1 12.642273860822467 0.0016238689422607422 0.13970398902893066 0.09523809523809523 1.0 199.06953159047677
1 12.073334536065374 0.0015981197357177734 0.14130210876464844 0.09523809523809523 1.0 190.11082003829495
1 11.529999146076543 0.001605987548828125 0.14290809631347656 0.09523809523809523 1.0 181.55527672604393
1 11.011115438854603 0.0016031265258789062 0.14451122283935547 0.09523809523809523 1.0 173.38475790294655
1 10.515583017110592 0.0016109943389892578 0.14612221717834473 0.09523809523809523 1.0 165.58193634011283
1 10.042351004654181 0.0016078948974609375 0.14773011207580566 0.09523809523809523 1.0 158.13026458466587
1 9.59041581779928 0.0016126632690429688 0.14934277534484863 0.09523809523809523 1.0 151.01393986753882
1 9.158819037062914 0.0015921592712402344 0.15093493461608887 0.09523809523809523 1.0 144.21787059052375
1 8.746645374643927 0.0016679763793945312 0.1526029109954834 0.09523809523809523 1.0 137.72764432150186
1 8.353020733371057 0.0016498565673828125 0.1542527675628662 0.09523809523809523 1.0 131.52949722998156
1 7.977110353004011 0.0016069412231445312 0.15585970878601074 0.09523809523809523 1.0 125.61028489812678
1 7.618117039956473 0.0016021728515625 0.15746188163757324 0.09523809523809523 1.0 119.95745444537485
1 7.275279476686716 0.001683950424194336 0.15914583206176758 0.09523809523809523 1.0 114.55901790752795
1 6.947870607170579 0.0016639232635498047 0.16080975532531738 0.09523809523809523 1.0 109.40352681386284
1 6.635196095032926 0.0015938282012939453 0.16240358352661133 0.09523809523809523 1.0 104.48004790834622
1 6.336592851067654 0.0015861988067626953 0.16398978233337402 0.09523809523809523 1.0 99.77813996346516
1 6.051427627023653 0.0018630027770996094 0.16585278511047363 0.09523809523809523 1.0 95.28783163750396
1 5.77909567267448 0.0016770362854003906 0.16752982139587402 0.09523809523809523 1.0 90.99960032830799
1 5.519019453323845 0.0017390251159667969 0.16926884651184082 0.09523809523809523 1.0 86.90435197868992
1 5.270647425027104 0.0016410350799560547 0.17090988159179688 0.09523809523809523 1.0 82.9934017906521
1 5.033452864931367 0.001894235610961914 0.1728041172027588 0.09523809523809523 1.0 79.25845580752532
1 4.806932754253713 0.0016660690307617188 0.1744701862335205 0.09523809523809523 1.0 75.69159332496477
1 4.590606711528679 0.0016438961029052734 0.17611408233642578 0.09523809523809523 1.0 72.2852500935034
1 4.384015973862711 0.0016498565673828125 0.1777639389038086 0.09523809523809523 1.0 69.03220227703885
1 4.186722424035157 0.0019080638885498047 0.1796720027923584 0.09523809523809523 1.0 65.92555113323594
1 3.9983076613825626 0.00164794921875 0.1813199520111084 0.09523809523809523 1.0 62.95870838335561
1 3.8183721144958964 0.0016291141510009766 0.18294906616210938 0.09523809523809523 1.0 60.125382240484456
1 3.646534193848978 0.0016798973083496094 0.18462896347045898 0.09523809523809523 1.0 57.41956406653469
1 3.482429482561137 0.0018150806427001953 0.18644404411315918 0.09523809523809523 1.0 54.83551562971846
1 3.3257099635778946 0.0016980171203613281 0.1881420612335205 0.09523809523809523 1.0 52.367756935472826
1 3.1760432816307866 0.0016319751739501953 0.1897740364074707 0.09523809523809523 1.0 50.01105460502881
