1 384.52406089845795 0.022022008895874023 0.022022008895874023 0.09523809523809523 1.0 8018.993720507244
1 367.2193527447784 0.0012178421020507812 0.023239850997924805 0.09523809523809523 1.0 7658.113821731658
1 350.69340710490445 0.0011887550354003906 0.024428606033325195 0.09523809523809523 1.0 7313.475059691061
1 334.9111773864566 0.0012197494506835938 0.02564835548400879 0.09523809523809523 1.0 6984.346409312496
1 319.83919419628563 0.0011970996856689453 0.026845455169677734 0.09523809523809523 1.0 6670.029771072156
1 305.44549436189135 0.0011799335479736328 0.028025388717651367 0.09523809523809523 1.0 6369.858486559603
1 291.69955314708477 0.0011708736419677734 0.02919626235961914 0.09523809523809523 1.0 6083.195918892633
1 278.57221951814444 0.0014090538024902344 0.030605316162109375 0.09523809523809523 1.0 5809.4340970271805
1 266.03565432318453 0.0012271404266357422 0.03183245658874512 0.09523809523809523 1.0 5547.992421771789
1 254.06327125363305 0.001165151596069336 0.03299760818481445 0.09523809523809523 1.0 5298.316430867492
1 242.62968046261562 0.0011720657348632812 0.034169673919677734 0.09523809523809523 1.0 5059.876620400622
1 231.71063472067743 0.0012018680572509766 0.03537154197692871 0.09523809523809523 1.0 4832.167319875189
1 221.28297799465528 0.0011780261993408203 0.03654956817626953 0.09523809523809523 1.0 4614.705618389454
1 211.32459634065052 0.0011742115020751953 0.03772377967834473 0.09523809523809523 1.0 4407.030339495867
1 201.81437100696255 0.0013010501861572266 0.03902482986450195 0.09523809523809523 1.0 4208.701062457254
1 192.73213364752687 0.0013310909271240234 0.04035592079162598 0.09523809523809523 1.0 4019.2971877378423
1 184.05862355088004 0.0012240409851074219 0.0415799617767334 0.09523809523809523 1.0 3838.4170446841
1 175.77544679394612 0.0014801025390625 0.0430600643157959 0.09523809523809523 1.0 3665.6770394570694
1 167.86503723402237 0.0012102127075195312 0.04427027702331543 0.09523809523809523 1.0 3500.710841376406
1 160.3106192562397 0.001177072525024414 0.045447349548339844 0.09523809523809523 1.0 3343.168605927292
1 153.09617219749651 0.0012488365173339844 0.04669618606567383 0.09523809523809523 1.0 3192.7162327661326
1 146.20639637141954 0.0011692047119140625 0.04786539077758789 0.09523809523809523 1.0 3049.034657140037
1 139.626680622301 0.0011830329895019531 0.049048423767089844 0.09523809523809523 1.0 2911.8191732095092
1 133.3430713392034 0.001470327377319336 0.05051875114440918 0.09523809523809523 1.0 2780.7787878338345
1 127.34224286452043 0.0012249946594238281 0.05174374580383301 0.09523809523809523 1.0 2655.6356034449905
1 121.6114692342393 0.0012030601501464844 0.05294680595397949 0.09523809523809523 1.0 2536.1242286987654
1 116.13859718997361 0.001329183578491211 0.0542759895324707 0.09523809523809523 1.0 2421.9912156515084
1 110.91202040553421 0.0011718273162841797 0.05544781684875488 0.09523809523809523 1.0 2312.9945222677266
1 105.92065487337948 0.0011217594146728516 0.056569576263427734 0.09523809523809523 1.0 2208.902999117882
1 101.15391539874757 0.0011119842529296875 0.05768156051635742 0.09523809523809523 1.0 2109.495899177252
1 96.60169315162126 0.0012218952178955078 0.05890345573425293 0.09523809523809523 1.0 2014.562409685951
1 92.25433422892034 0.0012841224670410156 0.060187578201293945 0.09523809523809523 1.0 1923.9012050770489
1 88.10261918145792 0.001257181167602539 0.061444759368896484 0.09523809523809523 1.0 1837.3200200245317
1 84.13774346224382 0.0011370182037353516 0.06258177757263184 0.09523809523809523 1.0 1754.6352417055512
1 80.35129875467123 0.001157999038696289 0.06373977661132812 0.09523809523809523 1.0 1675.6715204121979
1 76.73525514098985 0.0011560916900634766 0.0648958683013916 0.09523809523809523 1.0 1600.2613976869663
1 73.28194407324986 0.001232147216796875 0.06612801551818848 0.09523809523809523 1.0 1528.244951193283
1 69.9840421106033 0.0012049674987792969 0.06733298301696777 0.09523809523809523 1.0 1459.4694555679243
1 66.83455538847431 0.0012979507446289062 0.06863093376159668 0.09523809523809523 1.0 1393.7890585361029
1 63.82680478666244 0.0011587142944335938 0.06978964805603027 0.09523809523809523 1.0 1331.064471602342
1 60.9544117649245 0.0011818408966064453 0.07097148895263672 0.09523809523809523 1.0 1271.162674661168
1 58.211284835996715 0.0011458396911621094 0.07211732864379883 0.09523809523809523 1.0 1213.956633901202
1 55.59160664737059 0.0013051033020019531 0.07342243194580078 0.09523809523809523 1.0 1159.3250324043966
1 53.08982164442655 0.0011599063873291016 0.07458233833312988 0.09523809523809523 1.0 1107.152012869094
1 50.70062428876276 0.0011551380157470703 0.07573747634887695 0.09523809523809523 1.0 1057.326931911308
1 48.4189478067335 0.0013458728790283203 0.07708334922790527 0.09523809523809523 1.0 1009.7441254231647
1 46.23995344433644 0.001405954360961914 0.07848930358886719 0.09523809523809523 1.0 964.3026844909032
1 44.15902020566124 0.0012080669403076172 0.0796973705291748 0.09523809523809523 1.0 920.906241397221
1 42.171735053138114 0.001325845718383789 0.0810232162475586 0.09523809523809523 1.0 879.4627652541415
1 40.27388354880386 0.0011682510375976562 0.08219146728515625 0.09523809523809523 1.0 839.8843668330013
1 38.461440916738326 0.001512289047241211 0.08370375633239746 0.09523809523809523 1.0 802.0871121776597
1 36.73056350771736 0.0011341571807861328 0.0848379135131836 0.09523809523809523 1.0 765.9908446056585
1 35.077580647981335 0.0011489391326904297 0.08598685264587402 0.09523809523809523 1.0 731.5190147198487
1 33.49898685483306 0.0011472702026367188 0.08713412284851074 0.09523809523809523 1.0 698.5985180699977
1 31.99143440255644 0.0011150836944580078 0.08824920654296875 0.09523809523809523 1.0 667.1595401200922
1 30.55172622289064 0.0012040138244628906 0.08945322036743164 0.09523809523809523 1.0 637.1354081925712
1 29.176809125003615 0.0011730194091796875 0.09062623977661133 0.09523809523809523 1.0 608.4624500754986
1 27.863767320586774 0.0011777877807617188 0.09180402755737305 0.09523809523809523 1.0 581.0798589928305
1 26.609816240339256 0.0011820793151855469 0.0929861068725586 0.09523809523809523 1.0 554.9295646514121
1 25.412296628728495 0.0011708736419677734 0.09415698051452637 0.09523809523809523 1.0 529.9561100912379
1 24.26866890450395 0.0013082027435302734 0.09546518325805664 0.09523809523809523 1.0 506.1065340778141
1 23.176507775004136 0.0012149810791015625 0.0966801643371582 0.09523809523809523 1.0 483.3302587872036
1 22.133497092835558 0.0013790130615234375 0.09805917739868164 0.09523809523809523 1.0 461.57898254557534
1 21.137424944016296 0.001155853271484375 0.09921503067016602 0.09523809523809523 1.0 440.8065773957898
1 20.18617895716737 0.0011289119720458984 0.10034394264221191 0.09523809523809523 1.0 420.9689912737841
1 19.27774182380428 0.0013217926025390625 0.10166573524475098 0.09523809523809523 1.0 402.0241545873084
1 18.410187020228527 0.0013089179992675781 0.10297465324401855 0.09523809523809523 1.0 383.9318909988922
1 17.581674721946513 0.0011491775512695312 0.10412383079528809 0.09523809523809523 1.0 366.6538322238378
1 16.790447901951616 0.0011241436004638672 0.10524797439575195 0.09523809523809523 1.0 350.1533366625541
1 16.034828604594935 0.0011441707611083984 0.10639214515686035 0.09523809523809523 1.0 334.39541169467384
1 15.31321438714272 0.0011668205261230469 0.1075589656829834 0.09523809523809523 1.0 319.3466394701603
1 14.624074921474252 0.0011360645294189453 0.10869503021240234 0.09523809523809523 1.0 304.9751060400356
1 13.965948748713163 0.0011181831359863281 0.10981321334838867 0.09523809523809523 1.0 291.25033367643084
1 13.33744017990985 0.0011141300201416016 0.11092734336853027 0.09523809523809523 1.0 278.1432162384317
1 12.737216336202321 0.0012509822845458984 0.11217832565307617 0.09523809523809523 1.0 265.6259574466524
1 12.164004322178409 0.0013642311096191406 0.11354255676269531 0.09523809523809523 1.0 253.67201193563324
1 11.616588526444938 0.0012242794036865234 0.11476683616638184 0.09523809523809523 1.0 242.25602895905158
1 11.093808043679266 0.001249074935913086 0.11601591110229492 0.09523809523809523 1.0 231.3537986283655
1 10.594554212695966 0.0011909008026123047 0.11720681190490723 0.09523809523809523 1.0 220.94220057087435
1 10.117768265307737 0.0013079643249511719 0.1185147762298584 0.09523809523809523 1.0 210.99915489831668
1 9.662439080994492 0.0011661052703857422 0.11968088150024414 0.09523809523809523 1.0 201.5035753820257
1 9.227601042618865 0.0011708736419677734 0.12085175514221191 0.09523809523809523 1.0 192.4353247353394
1 8.812331988640793 0.0011587142944335938 0.12201046943664551 0.09523809523809523 1.0 183.77517190843224
1 8.415751257488491 0.0011639595031738281 0.12317442893981934 0.09523809523809523 1.0 175.5047513050061
1 8.037017819938383 0.0012621879577636719 0.12443661689758301 0.09523809523809523 1.0 167.6065238343479
1 7.675328495543459 0.0011909008026123047 0.1256275177001953 0.09523809523809523 1.0 160.06373971615966
1 7.3299162493275505 0.0012040138244628906 0.1268315315246582 0.09523809523809523 1.0 152.86040295927958
1 7.000048565133343 0.0013399124145507812 0.12817144393920898 0.09523809523809523 1.0 145.98123743896457
1 6.6850258921745125 0.0011730194091796875 0.12934446334838867 0.09523809523809523 1.0 139.41165450079467
1 6.3841801614975475 0.0012438297271728516 0.13058829307556152 0.09523809523809523 1.0 133.1377220224968
1 6.096873369207117 0.0012691020965576172 0.13185739517211914 0.09523809523809523 1.0 127.14613486807569
1 5.82249622345048 0.0011749267578125 0.13303232192993164 0.09523809523809523 1.0 121.4241866715974
1 5.5604668522915235 0.0011730194091796875 0.13420534133911133 0.09523809523809523 1.0 115.9597428907835
1 5.310229569734259 0.0011601448059082031 0.13536548614501953 0.09523809523809523 1.0 110.74121507327297
1 5.071253697278888 0.0011572837829589844 0.13652276992797852 0.09523809523809523 1.0 105.75753628097779
1 4.84303243851128 0.0013539791107177734 0.1378767490386963 0.09523809523809523 1.0 100.9981376204145
1 4.625081804339203 0.0011398792266845703 0.13901662826538086 0.09523809523809523 1.0 96.45292582923875
1 4.416939586596114 0.0011479854583740234 0.14016461372375488 0.09523809523809523 1.0 92.11226187145267
1 4.218164377835737 0.0011620521545410156 0.1413266658782959 0.09523809523809523 1.0 87.96694049588938
1 4.028334635238769 0.001155853271484375 0.14248251914978027 0.09523809523809523 1.0 84.00817071462606
