1 294.78298722595815 0.02435302734375 0.02435302734375 0.09523809523809523 1.0 3330.6829222232586
1 281.51689003896803 0.0012252330780029297 0.02557826042175293 0.09523809523809523 1.0 3180.793041463898
1 268.84780605219953 0.0011782646179199219 0.02675652503967285 0.09523809523809523 1.0 3037.648326324743
1 256.7488679243228 0.0011658668518066406 0.027922391891479492 0.09523809523809523 1.0 2900.9453834193946
1 245.19441742300222 0.0012049674987792969 0.02912735939025879 0.09523809523809523 1.0 2770.3943968375384
1 234.15995101145302 0.0011990070343017578 0.030326366424560547 0.09523809523809523 1.0 2645.7185524397455
1 223.622067883762 0.0011909008026123047 0.03151726722717285 0.09523809523809523 1.0 2526.6534720964955
1 213.55842033877082 0.0011720657348632812 0.03268933296203613 0.09523809523809523 1.0 2412.9466644787517
1 203.94766638727972 0.0011949539184570312 0.033884286880493164 0.09523809523809523 1.0 2304.3569956536244
1 194.76942449206615 0.0012421607971191406 0.035126447677612305 0.09523809523809523 1.0 2200.654180836549
1 186.00423034473462 0.001194000244140625 0.03632044792175293 0.09523809523809523 1.0 2101.6182975910338
1 177.63349558773484 0.001172780990600586 0.037493228912353516 0.09523809523809523 1.0 2007.0393201903944
1 169.6394683940103 0.001180887222290039 0.038674116134643555 0.09523809523809523 1.0 1916.716674554866
1 162.00519582067736 0.0011658668518066406 0.039839982986450195 0.09523809523809523 1.0 1830.4588130310499
1 154.71448785689967 0.0012600421905517578 0.04110002517700195 0.09523809523809523 1.0 1748.0828082201817
1 147.75188308971283 0.0011758804321289062 0.04227590560913086 0.09523809523809523 1.0 1669.4139650475845
1 141.10261591498787 0.001196146011352539 0.0434720516204834 0.09523809523809523 1.0 1594.2854502761174
1 134.7525852239971 0.0012769699096679688 0.04474902153015137 0.09523809523809523 1.0 1522.5379386892341
1 128.68832449917636 0.0012929439544677734 0.04604196548461914 0.09523809523809523 1.0 1454.0192751976801
1 122.89697325566519 0.0011830329895019531 0.047224998474121094 0.09523809523809523 1.0 1388.5841521545376
1 117.36624976806151 0.0012662410736083984 0.04849123954772949 0.09523809523809523 1.0 1326.093801194244
1 112.08442502455219 0.0012171268463134766 0.04970836639404297 0.09523809523809523 1.0 1266.4156989415917
1 107.04029785318373 0.0011811256408691406 0.05088949203491211 0.09523809523809523 1.0 1209.423285966064
1 102.22317116752383 0.0011720657348632812 0.05206155776977539 0.09523809523809523 1.0 1154.9956983850188
1 97.62282928133752 0.001180887222290039 0.05324244499206543 0.09523809523809523 1.0 1103.0175115461825
1 93.2295162441694 0.0011949539184570312 0.05443739891052246 0.09523809523809523 1.0 1053.3784952456215
1 89.03391515188792 0.0012471675872802734 0.055684566497802734 0.09523809523809523 1.0 1005.9733799618971
1 85.02712838831594 0.0014081001281738281 0.05709266662597656 0.09523809523809523 1.0 960.7016336105532
1 81.20065875604551 0.0011928081512451172 0.05828547477722168 0.09523809523809523 1.0 917.4672483454177
1 77.54639145642145 0.0011839866638183594 0.05946946144104004 0.09523809523809523 1.0 876.1785369545322
1 74.05657688047812 0.00119781494140625 0.06066727638244629 0.09523809523809523 1.0 836.7479384189071
1 70.7238141743347 0.001194000244140625 0.061861276626586914 0.09523809523809523 1.0 799.0918322217275
1 67.54103554419557 0.001178741455078125 0.06304001808166504 0.09523809523809523 1.0 763.1303610141981
1 64.50149126767175 0.0012459754943847656 0.0642859935760498 0.09523809523809523 1.0 728.7872612619617
1 61.59873537963665 0.0011920928955078125 0.06547808647155762 0.09523809523809523 1.0 695.9897015129196
1 58.826612002260184 0.0011980533599853516 0.06667613983154297 0.09523809523809523 1.0 664.6681279434836
1 56.179242290231485 0.001219034194946289 0.06789517402648926 0.09523809523809523 1.0 634.7561168556975
1 53.651011963484706 0.0012488365173339844 0.06914401054382324 0.09523809523809523 1.0 606.1902338124212
1 51.236559400988654 0.001249074935913086 0.07039308547973633 0.09523809523809523 1.0 578.9098991118449
1 48.93076427035075 0.0013089179992675781 0.0717020034790039 0.09523809523809523 1.0 552.8572593160428
1 46.72873666912216 0.0011811256408691406 0.07288312911987305 0.09523809523809523 1.0 527.9770645611208
1 44.625806754775816 0.0012230873107910156 0.07410621643066406 0.09523809523809523 1.0 504.2165513887624
1 42.617514841365946 0.0011928081512451172 0.07529902458190918 0.09523809523809523 1.0 481.52533085070246
1 40.69960194186681 0.0012118816375732422 0.07651090621948242 0.09523809523809523 1.0 459.85528164882487
1 38.868000736133894 0.0011749267578125 0.07768583297729492 0.09523809523809523 1.0 439.16044808426847
1 37.11882694533328 0.0012149810791015625 0.07890081405639648 0.09523809523809523 1.0 419.3969425991221
1 35.44837109454701 0.0011823177337646484 0.08008313179016113 0.09523809523809523 1.0 400.52285270403024
1 33.85309064608516 0.0011746883392333984 0.08125782012939453 0.09523809523809523 1.0 382.498152094326
1 32.32960248682206 0.0011889934539794922 0.08244681358337402 0.09523809523809523 1.0 365.28461576620026
1 30.874675753624306 0.0011658668518066406 0.08361268043518066 0.09523809523809523 1.0 348.8457389528912
1 29.48522498165546 0.0011630058288574219 0.08477568626403809 0.09523809523809523 1.0 333.14665970898255
1 28.158303561027214 0.0011601448059082031 0.08593583106994629 0.09523809523809523 1.0 318.1540849786343
1 26.89109748792021 0.0011610984802246094 0.0870969295501709 0.09523809523809523 1.0 303.8362199909604
1 25.680919396922963 0.001216888427734375 0.08831381797790527 0.09523809523809523 1.0 290.16270083282075
1 24.525202861932776 0.0011839866638183594 0.08949780464172363 0.09523809523809523 1.0 277.10453005603443
1 23.421496953532927 0.0011761188507080078 0.09067392349243164 0.09523809523809523 1.0 264.63401518245814
1 22.367461041303727 0.0011298656463623047 0.09180378913879395 0.09523809523809523 1.0 252.72470997651382
1 21.36085983004488 0.0011723041534423828 0.09297609329223633 0.09523809523809523 1.0 241.35135836062685
1 20.399558619382297 0.0012691020965576172 0.09424519538879395 0.09523809523809523 1.0 230.48984085463232
1 19.481518776706473 0.0011818408966064453 0.09542703628540039 0.09523809523809523 1.0 220.11712342556422
1 18.604793413841964 0.0011661052703857422 0.09659314155578613 0.09523809523809523 1.0 210.21120863935602
1 17.76752325827932 0.0012121200561523438 0.09780526161193848 0.09523809523809523 1.0 200.75108901085542
1 16.96793271021364 0.0011749267578125 0.09898018836975098 0.09523809523809523 1.0 191.71670245322574
1 16.204326077028053 0.0012481212615966797 0.10022830963134766 0.09523809523809523 1.0 183.08888973225538
1 15.475083977236334 0.0012280941009521484 0.1014564037322998 0.09523809523809523 1.0 174.84935383534682
1 14.778659906258694 0.0012118816375732422 0.10266828536987305 0.09523809523809523 1.0 166.9806211690205
1 14.113576956747705 0.0012171268463134766 0.10388541221618652 0.09523809523809523 1.0 159.46600450264486
1 13.478424686509117 0.0011858940124511719 0.1050713062286377 0.09523809523809523 1.0 152.28956757980603
1 12.871856127375484 0.0011899471282958984 0.1062612533569336 0.09523809523809523 1.0 145.43609132227078
1 12.29258492868916 0.001302957534790039 0.10756421089172363 0.09523809523809523 1.0 138.89104155486922
1 11.739382629336925 0.0011701583862304688 0.1087343692779541 0.09523809523809523 1.0 132.64053818285188
1 11.211076052551093 0.0011570453643798828 0.10989141464233398 0.09523809523809523 1.0 126.67132575635728
1 10.706544817952143 0.0011451244354248047 0.11103653907775879 0.09523809523809523 1.0 120.97074535956318
