1 90.19204890905537 0.036000967025756836 0.036000967025756836 0.09523809523809523 1.0 1004.3083572825975
1 86.13314273682043 0.0011560916900634766 0.03715705871582031 0.09523809523809523 1.0 959.1115332694162
1 82.25689922181837 0.0011208057403564453 0.03827786445617676 0.09523809523809523 1.0 915.9487010293162
1 78.55509800986226 0.0011191368103027344 0.03939700126647949 0.09523809523809523 1.0 874.7283243192163
1 75.01988868676263 0.001116037368774414 0.040513038635253906 0.09523809523809523 1.0 835.362986468019
1 71.6437741299449 0.0011179447174072266 0.04163098335266113 0.09523809523809523 1.0 797.7692049414733
1 68.41959460929269 0.0011870861053466797 0.04281806945800781 0.09523809523809523 1.0 761.8672542612273
1 65.34051260349973 0.0011248588562011719 0.043942928314208984 0.09523809523809523 1.0 727.5809969007564
1 62.399998299730406 0.0011310577392578125 0.0450739860534668 0.09523809523809523 1.0 694.83772179771
1 59.591815745837934 0.001116037368774414 0.04619002342224121 0.09523809523809523 1.0 663.5679901385927
1 56.91000962577336 0.0011429786682128906 0.0473330020904541 0.09523809523809523 1.0 633.7054880873583
1 54.34889263013973 0.0011382102966308594 0.04847121238708496 0.09523809523809523 1.0 605.1868861444983
1 51.90303339510843 0.00113677978515625 0.04960799217224121 0.09523809523809523 1.0 577.9517048375167
1 49.567244984119455 0.0011608600616455078 0.05076885223388672 0.09523809523809523 1.0 551.9421864572903
1 47.336573887939004 0.0011179447174072266 0.051886796951293945 0.09523809523809523 1.0 527.1031725678208
1 45.20628951974654 0.0011529922485351562 0.0530397891998291 0.09523809523809523 1.0 503.38198702924177
1 43.1718741829738 0.0011298656463623047 0.054169654846191406 0.09523809523809523 1.0 480.7283242857334
1 41.22901349062036 0.0011339187622070312 0.05530357360839844 0.09523809523809523 1.0 459.09414268124243
1 39.373587215728016 0.001130819320678711 0.05643439292907715 0.09523809523809523 1.0 438.4335625766173
1 37.60166055361065 0.0011479854583740234 0.05758237838745117 0.09523809523809523 1.0 418.7027690519893
1 35.90947577730927 0.0011129379272460938 0.058695316314697266 0.09523809523809523 1.0 399.8599189879899
1 34.293444268576046 0.0011110305786132812 0.05980634689331055 0.09523809523809523 1.0 381.8650523286947
1 32.75013890748736 0.0012230873107910156 0.06102943420410156 0.09523809523809523 1.0 364.6800073380738
1 31.276286804546544 0.0011248588562011719 0.062154293060302734 0.09523809523809523 1.0 348.2683396702046
1 29.868762359863272 0.001119852066040039 0.06327414512634277 0.09523809523809523 1.0 332.5952450816009
1 28.524580634690214 0.0011279582977294922 0.06440210342407227 0.09523809523809523 1.0 317.6274856217403
1 27.240891021259852 0.0011188983917236328 0.0655210018157959 0.09523809523809523 1.0 303.3333191452526
1 26.014971197497317 0.0012979507446289062 0.0668189525604248 0.09523809523809523 1.0 289.68243199628006
1 24.8442213537887 0.0012009143829345703 0.06801986694335938 0.09523809523809523 1.0 276.64587472224775
1 23.72615867956178 0.001190185546875 0.06921005249023438 0.09523809523809523 1.0 264.1960006807076
1 22.658412097986673 0.0011739730834960938 0.07038402557373047 0.09523809523809523 1.0 252.30640740905991
1 21.638717237630452 0.0012431144714355469 0.07162714004516602 0.09523809523809523 1.0 240.95188063281194
1 20.664911630401956 0.0011870861053466797 0.0728142261505127 0.09523809523809523 1.0 230.10834079362994
1 19.734930125603178 0.0011749267578125 0.0739891529083252 0.09523809523809523 1.0 219.75279198378846
1 18.846800510361746 0.0011708736419677734 0.07516002655029297 0.09523809523809523 1.0 209.86327317871857
1 17.99863932715674 0.0012712478637695312 0.0764312744140625 0.09523809523809523 1.0 200.418811664235
1 17.188647879568148 0.0011968612670898438 0.07762813568115234 0.09523809523809523 1.0 191.39937855967614
1 16.415108417779212 0.0011801719665527344 0.07880830764770508 0.09523809523809523 1.0 182.78584634263126
1 15.676380495742391 0.0012230873107910156 0.0800313949584961 0.09523809523809523 1.0 174.55994828518152
1 14.970897492283491 0.001180887222290039 0.08121228218078613 0.09523809523809523 1.0 166.70423971562744
1 14.297163288766303 0.0011708736419677734 0.0823831558227539 0.09523809523809523 1.0 159.20206102355343
1 13.653749096272024 0.0011720657348632812 0.08355522155761719 0.09523809523809523 1.0 152.0375023297714
1 13.039290425564948 0.0012347698211669922 0.08478999137878418 0.09523809523809523 1.0 145.19536974622181
1 12.452484193418515 0.0011341571807861328 0.08592414855957031 0.09523809523809523 1.0 138.66115315427706
1 11.892085959165188 0.0011110305786132812 0.0870351791381836 0.09523809523809523 1.0 132.4209954331155
1 11.356907285609653 0.0011110305786132812 0.08814620971679688 0.09523809523809523 1.0 126.46166307290913
1 10.845813218708678 0.00115203857421875 0.08929824829101562 0.09523809523809523 1.0 120.77051811050387
1 10.357719880672713 0.0012311935424804688 0.0905294418334961 0.09523809523809523 1.0 115.33549132807589
1 9.891592171385005 0.0011310577392578125 0.0916604995727539 0.09523809523809523 1.0 110.14505665792726
1 9.44644157326355 0.0011110305786132812 0.09277153015136719 0.09523809523809523 1.0 105.18820673914068
1 9.021324054910702 0.0011250972747802734 0.09389662742614746 0.09523809523809523 1.0 100.45442957425614
1 8.615338069104673 0.0011188983917236328 0.0950155258178711 0.09523809523809523 1.0 95.93368623646558
1 8.227622640887267 0.001110076904296875 0.09612560272216797 0.09523809523809523 1.0 91.61638958004875
1 7.857355541693289 0.001116037368774414 0.09724164009094238 0.09523809523809523 1.0 87.49338390890239
1 7.5037515456494495 0.0011310577392578125 0.0983726978302002 0.09523809523809523 1.0 83.55592556004441
1 7.166060764344936 0.0011348724365234375 0.09950757026672363 0.09523809523809523 1.0 79.79566436091763
1 6.843567056542162 0.0011303424835205078 0.10063791275024414 0.09523809523809523 1.0 76.20462592116887
1 6.535586509455224 0.0011169910430908203 0.10175490379333496 0.09523809523809523 1.0 72.77519472135016
1 6.241465988375238 0.0011210441589355469 0.10287594795227051 0.09523809523809523 1.0 69.5000979626776
1 5.960581751566784 0.0011250972747802734 0.10400104522705078 0.09523809523809523 1.0 66.37239014359818
1 5.692338127498095 0.0011448860168457031 0.10514593124389648 0.09523809523809523 1.0 63.38543833045682
1 5.436166251599727 0.0011162757873535156 0.10626220703125 0.09523809523809523 1.0 60.53290809102597
1 5.191522859872785 0.0011539459228515625 0.10741615295410156 0.09523809523809523 1.0 57.808750061067656
1 4.957889136788345 0.0011310577392578125 0.10854721069335938 0.09523809523809523 1.0 55.20718711543978
1 4.7347696150347325 0.0011110305786132812 0.10965824127197266 0.09523809523809523 1.0 52.72270211653994
1 4.5216911247794185 0.001192331314086914 0.11085057258605957 0.09523809523809523 1.0 50.35002621410522
1 4.318201790217198 0.001157999038696289 0.11200857162475586 0.09523809523809523 1.0 48.08412767155527
1 4.123870071276628 0.001129150390625 0.11313772201538086 0.09523809523809523 1.0 45.92020119518256
1 3.9382838484525102 0.0011131763458251953 0.11425089836120605 0.09523809523809523 1.0 43.853657743560355
1 3.7610495488235545 0.0011320114135742188 0.11538290977478027 0.09523809523809523 1.0 41.88011479555728
1 3.5917913114018227 0.0011229515075683594 0.11650586128234863 0.09523809523809523 1.0 39.99538705631941
1 3.430150190043895 0.001107931137084961 0.1176137924194336 0.09523809523809523 1.0 38.19547758151069
1 3.2757833922333615 0.0011281967163085938 0.11874198913574219 0.09523809523809523 1.0 36.47656930098831
1 3.128363552120318 0.0011181831359863281 0.11986017227172852 0.09523809523809523 1.0 34.835016923937566
1 2.9875780362762363 0.0011699199676513672 0.12103009223937988 0.09523809523809523 1.0 33.26733920829934
1 2.8531282806918767 0.0011241436004638672 0.12215423583984375 0.09523809523809523 1.0 31.77021157809599
1 2.724729157612241 0.001119852066040039 0.12327408790588379 0.09523809523809523 1.0 30.340459072999092
1 2.602108370865811 0.0011210441589355469 0.12439513206481934 0.09523809523809523 1.0 28.97504961518741
1 2.485005878405736 0.00115203857421875 0.12554717063903809 0.09523809523809523 1.0 27.67108757921586
1 2.373173340838353 0.0011157989501953125 0.1266629695892334 0.09523809523809523 1.0 26.42580765125919
1 2.2663735947695494 0.001110076904296875 0.12777304649353027 0.09523809523809523 1.0 25.236568964707736
1 2.1643801498520703 0.001190185546875 0.12896323204040527 0.09523809523809523 1.0 24.100849499678493
1 2.066976708467168 0.0011370182037353516 0.13010025024414062 0.09523809523809523 1.0 23.0162407345645
1 1.9739567070219979 0.0011250972747802734 0.1312253475189209 0.09523809523809523 1.0 21.980442538280382
1 1.8851228778899518 0.0011217594146728516 0.13234710693359375 0.09523809523809523 1.0 20.99125829237149
1 1.8002868310649796 0.0011148452758789062 0.13346195220947266 0.09523809523809523 1.0 20.04659023264267
1 1.7192686546426759 0.0011303424835205078 0.13459229469299316 0.09523809523809523 1.0 19.144435000427208
1 1.6418965332808937 0.0011489391326904297 0.1357412338256836 0.09523809523809523 1.0 18.282879394061744
1 1.5680063838307474 0.0011219978332519531 0.13686323165893555 0.09523809523809523 1.0 17.460096311557294
1 1.4974415073652858 0.0011153221130371094 0.13797855377197266 0.09523809523809523 1.0 16.67434087586189
1 1.4300522568678893 0.0011298656463623047 0.13910841941833496 0.09523809523809523 1.0 15.92394673449773
1 1.365695719875671 0.0011568069458007812 0.14026522636413574 0.09523809523809523 1.0 15.207322525725552
1 1.3042354154048452 0.0011141300201416016 0.14137935638427734 0.09523809523809523 1.0 14.522948503741926
1 1.2455410045153432 0.0011401176452636719 0.14251947402954102 0.09523809523809523 1.0 13.869373315752485
1 1.1894880139008737 0.0011241436004638672 0.14364361763000488 0.09523809523809523 1.0 13.245210924086422
1 1.1359575719182329 0.0011279582977294922 0.14477157592773438 0.09523809523809523 1.0 12.649137666824718
1 1.084836156496069 0.0011162757873535156 0.1458878517150879 0.09523809523809523 1.0 12.079889450708743
1 1.036015354388496 0.0011110305786132812 0.14699888229370117 0.09523809523809523 1.0 11.536259070376241
1 0.9893916312629933 0.0011188983917236328 0.1481177806854248 0.09523809523809523 1.0 11.017093648239461
1 0.944866112135023 0.0011339187622070312 0.14925169944763184 0.09523809523809523 1.0 10.521292189576288
