1 252.28431808664988 0.044026851654052734 0.044026851654052734 0.09523809523809523 1.0 3376.8385606441125
1 240.93078539473234 0.0017249584197998047 0.04575181007385254 0.09523809523809523 1.0 3224.870967400537
1 230.08819490312294 0.0016388893127441406 0.04739069938659668 0.09523809523809523 1.0 3079.7423531694917
1 219.7335527173979 0.0016410350799560547 0.049031734466552734 0.09523809523809523 1.0 2941.144946097621
1 209.84489973568023 0.0016360282897949219 0.050667762756347656 0.09523809523809523 1.0 2808.78482430144
1 200.40126507994663 0.0016551017761230469 0.0523228645324707 0.09523809523809523 1.0 2682.381292778663
1 191.38262162306185 0.001544952392578125 0.05386781692504883 0.09523809523809523 1.0 2561.6662882992673
1 182.76984351722643 0.0015420913696289062 0.055409908294677734 0.09523809523809523 1.0 2446.3838110359293
1 174.5446656337689 0.0015606880187988281 0.05697059631347656 0.09523809523809523 1.0 2336.289381743432
1 166.6896448282657 0.0017158985137939453 0.05868649482727051 0.09523809523809523 1.0 2231.1495233461746
1 159.1881229488446 0.0016758441925048828 0.06036233901977539 0.09523809523809523 1.0 2130.741265841566
1 152.02419150922202 0.001644134521484375 0.062006473541259766 0.09523809523809523 1.0 2034.8516734742823
1 145.18265795155767 0.0016431808471679688 0.06364965438842773 0.09523809523809523 1.0 1943.2773931821393
1 138.64901342757915 0.001650094985961914 0.06529974937438965 0.09523809523809523 1.0 1855.8242233583594
1 132.40940202965044 0.0016460418701171875 0.06694579124450684 0.09523809523809523 1.0 1772.3067020173987
1 126.45059140653213 0.0016109943389892578 0.0685567855834961 0.09523809523809523 1.0 1692.5477134921214
1 120.75994470151863 0.0016870498657226562 0.07024383544921875 0.09523809523809523 1.0 1616.3781128290657
1 115.32539375344129 0.001680135726928711 0.07192397117614746 0.09523809523809523 1.0 1543.6363670858495
1 110.13541350370477 0.0016427040100097656 0.07356667518615723 0.09523809523809523 1.0 1474.1682127703991
1 105.17899755508171 0.001680135726928711 0.07524681091308594 0.09523809523809523 1.0 1407.826328695829
1 100.44563483043312 0.0016689300537109375 0.07691574096679688 0.09523809523809523 1.0 1344.4700235573941
1 95.92528728185484 0.0016808509826660156 0.07859659194946289 0.09523809523809523 1.0 1283.964937569102
1 91.6083686029774 0.0016188621520996094 0.0802154541015625 0.09523809523809523 1.0 1226.1827575273423
1 87.48572389927483 0.0016620159149169922 0.08187747001647949 0.09523809523809523 1.0 1171.0009446973377
1 83.54861027326919 0.0017616748809814453 0.08363914489746094 0.09523809523809523 1.0 1118.3024749454003
1 79.78867828345746 0.001641988754272461 0.0852811336517334 0.09523809523809523 1.0 1067.975590565922
1 76.19795423764106 0.0015628337860107422 0.08684396743774414 0.09523809523809523 1.0 1019.913563276823
1 72.76882328310761 0.001531839370727539 0.08837580680847168 0.09523809523809523 1.0 974.0144678808665
1 69.49401325780363 0.0017521381378173828 0.09012794494628906 0.09523809523809523 1.0 930.180966112844
1 66.3665792682521 0.0016369819641113281 0.09176492691040039 0.09523809523809523 1.0 888.3201002142578
1 63.37988896150842 0.0016257762908935547 0.09339070320129395 0.09523809523809523 1.0 848.3430957977281
1 60.52760845992196 0.0016369819641113281 0.09502768516540527 0.09523809523809523 1.0 810.1651735830728
1 57.803688928874124 0.0016338825225830078 0.09666156768798828 0.09523809523809523 1.0 773.7053696058073
1 55.20235374900773 0.0016300678253173828 0.09829163551330566 0.09523809523809523 1.0 738.886363516784
1 52.718086265743494 0.001672983169555664 0.09996461868286133 0.09523809523809523 1.0 705.634314608845
1 50.34561809010416 0.0018169879913330078 0.10178160667419434 0.09523809523809523 1.0 673.8787052227544
1 48.07991792603582 0.0016179084777832031 0.10339951515197754 0.09523809523809523 1.0 643.5521912003207
1 45.916180900532424 0.0016040802001953125 0.10500359535217285 0.09523809523809523 1.0 614.5904590675652
1 43.84981837393597 0.0016379356384277344 0.10664153099060059 0.09523809523809523 1.0 586.932089645063
1 41.87644820880292 0.0019981861114501953 0.10863971710205078 0.09523809523809523 1.0 560.5184277962197
1 39.99188547670026 0.0016660690307617188 0.1103057861328125 0.09523809523809523 1.0 535.2934580372555
1 38.19213358322272 0.0021181106567382812 0.11242389678955078 0.09523809523809523 1.0 511.20368574510246
1 36.47337579241041 0.001683950424194336 0.11410784721374512 0.09523809523809523 1.0 488.1980237112962
1 34.831967132592325 0.0016829967498779297 0.11579084396362305 0.09523809523809523 1.0 466.2276838012726
1 33.26442666649068 0.0017468929290771484 0.1175377368927002 0.09523809523809523 1.0 445.2460734893145
1 31.767430109193047 0.001931905746459961 0.11946964263916016 0.09523809523809523 1.0 425.20869704972625
1 30.337802778337505 0.0019800662994384766 0.12144970893859863 0.09523809523809523 1.0 406.0730611946972
1 28.972512861559963 0.0016961097717285156 0.12314581871032715 0.09523809523809523 1.0 387.7985849587363
1 27.66866498692614 0.0018298625946044922 0.12497568130493164 0.09523809523809523 1.0 370.34651363856995
1 26.423494082712875 0.0016531944274902344 0.12662887573242188 0.09523809523809523 1.0 353.67983660599845
1 25.234359513517283 0.0018739700317382812 0.12850284576416016 0.09523809523809523 1.0 337.7632088194122
1 24.09873948025816 0.001645803451538086 0.13014864921569824 0.09523809523809523 1.0 322.562875867521
1 23.014225672193632 0.0018711090087890625 0.1320197582244873 0.09523809523809523 1.0 308.0466023863337
1 21.978518159613817 0.0017180442810058594 0.13373780250549316 0.09523809523809523 1.0 294.18360369758426
1 20.98942051637713 0.0016357898712158203 0.13537359237670898 0.09523809523809523 1.0 280.9444805236286
1 20.044835161946807 0.0016341209411621094 0.1370077133178711 0.09523809523809523 1.0 268.3011566403614
1 19.142758913049335 0.001714944839477539 0.13872265815734863 0.09523809523809523 1.0 256.22681933593424
1 18.281278735521397 0.0017402172088623047 0.14046287536621094 0.09523809523809523 1.0 244.69586254900707
1 17.458567687336032 0.0020689964294433594 0.1425318717956543 0.09523809523809523 1.0 233.68383256594296
1 16.67288104420451 0.0017921924591064453 0.14432406425476074 0.09523809523809523 1.0 223.16737616178875
1 15.922552599537516 0.0018291473388671875 0.14615321159362793 0.09523809523809523 1.0 213.1241910750642
1 15.205991130918866 0.0017631053924560547 0.14791631698608398 0.09523809523809523 1.0 203.53297871132898
1 14.521677025598215 0.0016989707946777344 0.14961528778076172 0.09523809523809523 1.0 194.37339897522835
1 13.868159057846567 0.0016560554504394531 0.15127134323120117 0.09523809523809523 1.0 185.62602713522986
1 13.244051311340124 0.0016241073608398438 0.15289545059204102 0.09523809523809523 1.0 177.27231262957133
1 12.648030240045916 0.0017557144165039062 0.15465116500854492 0.09523809523809523 1.0 169.29453972606336
1 12.078831861376177 0.0016438961029052734 0.1562950611114502 0.09523809523809523 1.0 161.6757899523148
1 11.535249075658957 0.0019450187683105469 0.15824007987976074 0.09523809523809523 1.0 154.3999062167084
1 11.016129106240468 0.0017037391662597656 0.1599438190460205 0.09523809523809523 1.0 147.45145854403805
1 10.52037105479025 0.002341032028198242 0.16228485107421875 0.09523809523809523 1.0 140.81571135314186
1 10.046923566624775 0.002233743667602539 0.1645185947418213 0.09523809523809523 1.0 134.47859220713767
1 9.594782601098357 0.002115011215209961 0.16663360595703125 0.09523809523809523 1.0 128.42666196998994
1 9.162989302332969 0.0019600391387939453 0.1685936450958252 0.09523809523809523 1.0 122.64708630611803
1 8.750627965771427 0.0021140575408935547 0.17070770263671875 0.09523809523809523 1.0 117.12760846260547
1 8.356824096241688 0.0016820430755615234 0.17238974571228027 0.09523809523809523 1.0 111.85652327628968
1 7.980742553413901 0.0017518997192382812 0.17414164543151855 0.09523809523809523 1.0 106.82265235060893
1 7.621585780717305 0.0016579627990722656 0.17579960823059082 0.09523809523809523 1.0 102.01532034956307
1 7.2785921139611025 0.0025129318237304688 0.1783125400543213 0.09523809523809523 1.0 97.42433235851641
1 6.951034166072296 0.0020599365234375 0.1803724765777588 0.09523809523809523 1.0 93.03995226382996
1 6.638217284525057 0.0017719268798828125 0.1821444034576416 0.09523809523809523 1.0 88.85288210547384
1 6.3394780781903135 0.001638174057006836 0.18378257751464844 0.09523809523809523 1.0 84.85424235883244
1 6.054183010481401 0.0016679763793945312 0.18545055389404297 0.09523809523809523 1.0 81.03555310388634
1 5.781727055812255 0.0016591548919677734 0.18710970878601074 0.09523809523809523 1.0 77.3887160418356
1 5.52153241651897 0.0019540786743164062 0.18906378746032715 0.09523809523809523 1.0 73.90599732102821
1 5.273047297523585 0.0016717910766601562 0.1907355785369873 0.09523809523809523 1.0 70.58001113577166
1 5.035744736141632 0.001703023910522461 0.19243860244750977 0.09523809523809523 1.0 67.40370406324621
1 4.809121484551739 0.0019872188568115234 0.1944258213043213 0.09523809523809523 1.0 64.3703401053027
1 4.592696942557384 0.0018019676208496094 0.1962277889251709 0.09523809523809523 1.0 61.47348640342341
1 4.386012138377499 0.001955747604370117 0.19818353652954102 0.09523809523809523 1.0 58.706999596551384
1 4.188628755304467 0.0016129016876220703 0.19979643821716309 0.09523809523809523 1.0 56.06501279285753
1 4.000128202165363 0.0017099380493164062 0.2015063762664795 0.09523809523809523 1.0 53.54192312781596
1 3.8201107256151663 0.0015747547149658203 0.2030811309814453 0.09523809523809523 1.0 51.132379882202855
1 3.648194562379369 0.001628875732421875 0.2047100067138672 0.09523809523809523 1.0 48.83127313481976
1 3.484015129648144 0.0016818046569824219 0.2063918113708496 0.09523809523809523 1.0 46.63372292587767
1 3.327224251905161 0.0017561912536621094 0.20814800262451172 0.09523809523809523 1.0 44.53506890806062
1 3.177489422551355 0.001867055892944336 0.21001505851745605 0.09523809523809523 1.0 42.5308604633217
1 3.034493098757783 0.0016529560089111328 0.2116680145263672 0.09523809523809523 1.0 40.61684726445194
1 2.8979320280521845 0.001644134521484375 0.21331214904785156 0.09523809523809523 1.0 38.78897026140654
1 2.7675166052111 0.0016460418701171875 0.21495819091796875 0.09523809523809523 1.0 37.04335307327265
1 2.6429702580937295 0.0017631053924560547 0.2167212963104248 0.09523809523809523 1.0 35.37629376762371
