1 350.6045593404053 0.0067348480224609375 0.0067348480224609375 0.33333333333333337 1.0 795.5356625430649
1 334.8263280313968 0.004290103912353516 0.011024951934814453 0.33333333333333337 1.0 795.3362734173782
1 319.758163310538 0.0035562515258789062 0.01458120346069336 0.33333333333333337 1.0 792.6333099726788
1 305.3681101031611 0.0034089088439941406 0.0179901123046875 0.33333333333333337 1.0 788.2114452692938
1 291.62565140648326 0.003072023391723633 0.021062135696411133 0.33333333333333337 1.0 782.5514867987475
1 278.50164357216335 0.0026640892028808594 0.023726224899291992 0.33333333333333337 1.0 775.9818777436242
1 265.9682545013321 0.002447843551635742 0.026174068450927734 0.33333333333333337 1.0 765.4145430345528
1 253.99890462102775 0.0022919178009033203 0.028465986251831055 0.33333333333333337 1.0 748.9787747680796
1 242.56821051686381 0.002465963363647461 0.030931949615478516 0.33333333333333337 1.0 733.7137277948812
1 231.6519311023928 0.015813112258911133 0.04674506187438965 0.7499999999999999 1.0 621.5375603533212
1 221.2269162110054 0.008007287979125977 0.054752349853515625 0.7499999999999999 1.0 577.4059459678319
1 211.27105750134484 0.006042003631591797 0.06079435348510742 0.7499999999999999 1.0 545.1666555844224
1 201.76324157212147 0.005281209945678711 0.06607556343078613 0.7499999999999999 1.0 518.6969433976479
1 192.68330518689768 0.004818916320800781 0.07089447975158691 0.7499999999999999 1.0 495.92692360397064
1 184.01199251388883 0.0045850276947021484 0.07547950744628906 0.7499999999999999 1.0 475.8359475596259
1 175.7309142900978 0.0035610198974609375 0.07904052734375 0.7499999999999999 1.0 457.8227313387913
1 167.8225088231836 0.0035262107849121094 0.08256673812866211 0.7499999999999999 1.0 441.4936591723132
1 160.27000474835953 0.003329753875732422 0.08589649200439453 0.7499999999999999 1.0 426.5716502653537
1 153.05738546134023 0.011611223220825195 0.09750771522521973 0.888888888888889 1.0 412.82275106445843
1 146.16935515191014 0.00842595100402832 0.10593366622924805 0.888888888888889 1.0 400.3738859387721
1 139.5913063660806 0.005986928939819336 0.11192059516906738 0.888888888888889 1.0 388.7228169504534
1 133.3092890280452 0.004971027374267578 0.11689162254333496 0.888888888888889 1.0 377.6116870449937
1 127.30998085623743 0.0048558712005615234 0.12174749374389648 0.888888888888889 1.0 366.9782387719857
1 121.58065911075246 0.0042569637298583984 0.12600445747375488 0.888888888888889 1.0 356.79073077051885
1 116.10917361221779 0.0037221908569335938 0.12972664833068848 0.888888888888889 1.0 347.02647774813096
1 110.88392097489346 0.003401041030883789 0.13312768936157227 0.888888888888889 1.0 337.44471307030733
1 105.89381999935814 0.003186941146850586 0.13631463050842285 0.888888888888889 1.0 326.78898956866226
1 101.12828817259665 0.0034189224243164062 0.13973355293273926 0.888888888888889 1.0 316.7556339891163
1 96.57721922565209 0.0029449462890625 0.14267849922180176 0.888888888888889 1.0 307.29872813829496
1 92.23096170124931 0.002670764923095703 0.14534926414489746 0.888888888888889 1.0 298.37694606985787
1 88.08029848593812 0.0029859542846679688 0.14833521842956543 0.888888888888889 1.0 289.95302179609837
1 84.11642726334995 0.002782106399536133 0.15111732482910156 0.888888888888889 1.0 281.9931211233388
1 80.33094184711517 0.007997274398803711 0.15911459922790527 1.0 1.0 274.5987420595061
1 76.71581435385377 0.007534027099609375 0.16664862632751465 1.0 1.0 267.5801372679132
1 73.26337817843363 0.006968021392822266 0.17361664772033691 1.0 1.0 260.8467902088382
1 69.96631173539187 0.006360054016113281 0.1799767017364502 1.0 1.0 254.3812869349582
1 66.81762293204012 0.006391048431396484 0.18636775016784668 0.9090909090909091 1.0 248.23069327307553
1 63.810634340325194 0.009093046188354492 0.19546079635620117 0.7692307692307693 1.0 239.1326549020258
1 60.93896903599959 0.009195089340209961 0.20465588569641113 0.7692307692307693 1.0 230.05258644584694
1 58.196537075070715 0.008574962615966797 0.21323084831237793 0.7692307692307693 1.0 221.73168177382234
1 55.57752257884957 0.011749029159545898 0.22497987747192383 0.6666666666666666 1.0 213.70799470802785
1 53.0763714002098 0.018224239349365234 0.24320411682128906 0.6666666666666666 1.0 206.4410391502543
1 50.68777934490152 0.015942811965942383 0.25914692878723145 0.6666666666666666 1.0 199.57580209250625
1 48.40668092294021 0.01464390754699707 0.2737908363342285 0.6666666666666666 1.0 193.07686988022084
1 46.22823860621619 0.01399087905883789 0.2877817153930664 0.5882352941176471 1.0 186.93544402324463
1 44.14783256954301 0.012560129165649414 0.3003418445587158 0.5555555555555556 1.0 180.8293571334649
1 42.16105089338884 0.012352943420410156 0.312694787979126 0.5263157894736842 1.0 174.92149061906375
1 40.26368020751339 0.027246952056884766 0.33994174003601074 0.45454545454545453 1.0 167.36517753878422
1 38.45169675566876 0.0357670783996582 0.37570881843566895 0.45454545454545453 1.0 159.19135837039522
1 36.721257862414824 0.03490304946899414 0.4106118679046631 0.4347826086956522 1.0 151.83444274005313
1 35.06869378395289 0.026211023330688477 0.43682289123535156 0.4 1.0 144.92145024498478
1 33.49049992569571 0.02450108528137207 0.46132397651672363 0.4 1.0 138.6291852711551
1 31.983329410069555 0.022984981536865234 0.48430895805358887 0.4 1.0 132.7791973387331
1 30.5439859787871 0.02118992805480957 0.5054988861083984 0.4 1.0 127.3177721180837
1 29.16941721453864 0.022490739822387695 0.5279896259307861 0.4 1.0 122.20180026081388
1 27.856708067727148 0.04867196083068848 0.5766615867614746 0.3846153846153846 1.0 117.05335677951174
1 26.603074674519107 0.29886603355407715 0.8755276203155518 0.37037037037037035 1.0 103.99088853821311
1 25.40585845310126 0.055011749267578125 0.9305393695831299 0.37037037037037035 1.0 98.43784382382344
1 24.262520465623012 0.054160118103027344 0.9846994876861572 0.3571428571428571 1.0 93.43243280821015
1 23.17063603386789 0.05404210090637207 1.0387415885925293 0.3571428571428571 1.0 88.93440732797774
1 22.127889597235676 0.05135488510131836 1.0900964736938477 0.3571428571428571 1.0 84.81327282406218
1 21.132069802130268 0.04849505424499512 1.1385915279388428 0.3571428571428571 1.0 81.01420613406265
1 20.18106481233948 0.06073498725891113 1.199326515197754 0.27586206896551724 1.0 77.59880933073875
1 19.272857830461565 0.11217689514160156 1.3115034103393555 0.26666666666666666 1.0 74.76590503568505
1 18.405522820880545 0.10180783271789551 1.413311243057251 0.26666666666666666 1.0 72.08871130628441
1 17.577220425220226 0.14332079887390137 1.5566320419311523 0.25806451612903225 1.0 69.56264214697777
1 16.786194061614722 0.12093114852905273 1.677563190460205 0.25806451612903225 1.0 67.29548451571075
1 16.0307661995232 0.05113983154296875 1.7287030220031738 0.25806451612903225 1.0 64.83758281169025
1 15.309334802188935 0.04997420310974121 1.778677225112915 0.25806451612903225 1.0 62.48025198049784
1 14.620369929198047 0.09781789779663086 1.876495122909546 0.25 1.0 60.21110646465731
1 13.962410491933039 0.1065218448638916 1.9830169677734375 0.24242424242424243 1.0 58.13478647787167
1 13.33406115504049 0.09268808364868164 2.075705051422119 0.2352941176470588 1.0 56.16700719695778
1 12.733989377341718 0.14931488037109375 2.225019931793213 0.2285714285714286 1.0 54.29164429633026
1 12.160922585911091 0.21591711044311523 2.440937042236328 0.2222222222222222 1.0 51.9957121831578
1 11.613645477329182 0.18969511985778809 2.630632162094116 0.21621621621621623 1.0 49.765937047871816
1 11.09099744038735 0.1666111946105957 2.797243356704712 0.21621621621621623 1.0 47.60969882790087
1 10.591870094778168 0.1550590991973877 2.9523024559020996 0.21621621621621623 1.0 45.57922775183154
1 10.115204940552033 2.305877923965454 5.258180379867554 0.19999999999999998 1.0 43.88025014889484
1 9.65999111335506 0.4593970775604248 5.7175774574279785 0.20512820512820512 1.0 42.245145238123136
1 9.22526324068784 0.19803404808044434 5.915611505508423 0.19999999999999998 1.0 40.31245028997145
1 8.810099394638872 0.16870903968811035 6.084320545196533 0.19512195121951217 1.0 38.3038955645858
1 8.413619136750945 0.24001097679138184 6.324331521987915 0.19512195121951217 1.0 36.39758782606947
1 8.03498165087425 0.2926599979400635 6.6169915199279785 0.19047619047619047 1.0 34.613832512113724
1 7.673383960046613 1.5180590152740479 8.135050535202026 0.18604651162790697 1.0 32.79610899802422
1 7.328059223619267 1.618180751800537 9.753231287002563 0.18181818181818182 1.0 31.025872319189723
1 6.998275111017018 1.661879062652588 11.415110349655151 0.1777777777777778 1.0 29.486617850914687
1 6.683332248683917 0.7843668460845947 12.199477195739746 0.1777777777777778 1.0 28.048350782964427
1 6.382562736920931 0.577660083770752 12.777137279510498 0.1739130434782609 1.0 26.66124761147063
1 6.095328733470275 0.26399898529052734 13.041136264801025 0.1739130434782609 1.0 25.378826451486702
1 5.821021100842591 0.20996618270874023 13.251102447509766 0.1739130434782609 1.0 24.169355862053205
1 5.559058114518331 0.1718583106994629 13.422960758209229 0.1739130434782609 1.0 23.027463375844246
1 5.308884229283911 0.17957186698913574 13.602532625198364 0.1702127659574468 1.0 21.942553456203612
1 5.06996890108631 0.35416197776794434 13.956694602966309 0.1702127659574468 1.0 20.81723312109536
1 4.841805461907667 0.8987302780151367 14.855424880981445 0.16666666666666666 1.0 19.58179813635459
1 4.62391004527383 0.44809484481811523 15.30351972579956 0.1702127659574468 1.0 18.461825303307098
1 4.415820560118154 0.25768399238586426 15.561203718185425 0.16666666666666666 1.0 17.496162721578635
1 4.217095710824415 1.1021792888641357 16.66338300704956 0.1702127659574468 1.0 16.39818543772483
1 4.027314061370699 0.4538698196411133 17.117252826690674 0.1702127659574468 1.0 15.570686405896252
1 3.8460731415895237 0.3948087692260742 17.512061595916748 0.16666666666666666 1.0 14.796750928474026
1 3.672988593648874 0.34619593620300293 17.85825753211975 0.163265306122449 1.0 14.082998586649087
