1 465.3856842948796 0.017000913619995117 0.017000913619995117 0.09523809523809523 1.0 12543.565678687904
1 444.4419664250374 0.0007870197296142578 0.017787933349609375 0.09523809523809523 1.0 11979.0652626742
1 424.44077715677025 0.0007469654083251953 0.01853489875793457 0.09523809523809523 1.0 11439.970003105236
1 405.33969994444357 0.00074005126953125 0.01927495002746582 0.09523809523809523 1.0 10925.136315198493
1 387.0982271111196 0.0007269382476806641 0.020001888275146484 0.09523809523809523 1.0 10433.47214765117
1 369.6776739438795 0.0007140636444091797 0.020715951919555664 0.09523809523809523 1.0 9963.934651473532
1 353.0410966551068 0.0007297992706298828 0.021445751190185547 0.09523809523809523 1.0 9515.527952919467
1 337.15321403575393 0.0008280277252197266 0.022273778915405273 0.09523809523809523 1.0 9087.301028167618
1 321.98033263444034 0.0008630752563476562 0.02313685417175293 0.09523809523809523 1.0 8678.345675863024
1 307.49027530371063 0.0008029937744140625 0.023939847946166992 0.09523809523809523 1.0 8287.794583064657
1 293.65231296191996 0.0007269382476806641 0.024666786193847656 0.09523809523809523 1.0 7914.819480065023
1 280.4370994260344 0.0007312297821044922 0.02539801597595215 0.09523809523809523 1.0 7558.629379690407
1 267.81660917714606 0.0007269382476806641 0.026124954223632812 0.09523809523809523 1.0 7218.4688969205245
1 255.76407792672214 0.0007960796356201172 0.02692103385925293 0.09523809523809523 1.0 6893.616644917879
1 244.2539458575468 0.0007622241973876953 0.027683258056640625 0.09523809523809523 1.0 6583.383703800268
1 233.26180341898646 0.0007519721984863281 0.028435230255126953 0.09523809523809523 1.0 6287.112158714011
1 222.7643395616273 0.0007147789001464844 0.029150009155273438 0.09523809523809523 1.0 6004.173703967353
1 212.73929230150515 0.0007309913635253906 0.029881000518798828 0.09523809523809523 1.0 5733.9683101653
1 203.1654015090899 0.0007300376892089844 0.030611038208007812 0.09523809523809523 1.0 5475.9229514509125
1 194.0223638229038 0.0009050369262695312 0.031516075134277344 0.09523809523809523 1.0 5229.49039010723
1 185.29078959215883 0.0007390975952148438 0.03225517272949219 0.09523809523809523 1.0 4994.148015910658
1 176.95216175710155 0.0007212162017822266 0.032976388931274414 0.09523809523809523 1.0 4769.396737753219
1 168.98879657986248 0.0007159709930419922 0.033692359924316406 0.09523809523809523 1.0 4554.759925168928
1 161.38380614253253 0.0006937980651855469 0.03438615798950195 0.09523809523809523 1.0 4349.782397510256
1 154.12106253293564 0.0007190704345703125 0.035105228424072266 0.09523809523809523 1.0 4154.029458624792
1 147.18516364214628 0.0007119178771972656 0.03581714630126953 0.09523809523809523 1.0 3967.0859749809383
1 140.56140050121894 0.0008780956268310547 0.036695241928100586 0.09523809523809523 1.0 3788.555495284927
1 134.23572608786048 0.0007612705230712891 0.037456512451171875 0.09523809523809523 1.0 3618.059409720439
1 128.19472553689334 0.0007371902465820312 0.038193702697753906 0.09523809523809523 1.0 3455.2361470266956
1 122.42558769133525 0.0007359981536865234 0.03892970085144043 0.09523809523809523 1.0 3299.74040771153
1 116.91607793376328 0.0010287761688232422 0.03995847702026367 0.09523809523809523 1.0 3151.2424317728514
1 111.65451224034652 0.0007269382476806641 0.040685415267944336 0.09523809523809523 1.0 3009.4272993752834
1 106.62973240252288 0.0008268356323242188 0.041512250900268555 0.09523809523809523 1.0 2873.9942629986795
1 101.83108236377309 0.0007708072662353516 0.042283058166503906 0.09523809523809523 1.0 2744.6561096421215
1 97.2483856213091 0.00078582763671875 0.043068885803222656 0.09523809523809523 1.0 2621.1385517307226
1 92.87192364475248 0.0007569789886474609 0.04382586479187012 0.09523809523809523 1.0 2503.1796454334844
1 88.69241526603584 0.0007376670837402344 0.04456353187561035 0.09523809523809523 1.0 2390.5292351586077
1 84.70099699681862 0.0007140636444091797 0.04527759552001953 0.09523809523809523 1.0 2282.948423048172
1 80.88920423167696 0.0007157325744628906 0.04599332809448242 0.09523809523809523 1.0 2180.2090623471236
1 77.24895329720502 0.0007748603820800781 0.0467681884765625 0.09523809523809523 1.0 2082.093273572158
1 73.77252430895933 0.0007789134979248047 0.047547101974487305 0.09523809523809523 1.0 1988.3929824544293
1 70.45254479989063 0.0007486343383789062 0.04829573631286621 0.09523809523809523 1.0 1898.9094786761902
1 67.28197408554439 0.0007309913635253906 0.0490267276763916 0.09523809523809523 1.0 1813.4529944655822
1 64.25408833287302 0.0008599758148193359 0.04988670349121094 0.09523809523809523 1.0 1731.8423021558929
1 61.362466300995195 0.0007910728454589844 0.05067777633666992 0.09523809523809523 1.0 1653.904329855828
1 58.6009757236627 0.0008640289306640625 0.051541805267333984 0.09523809523809523 1.0 1579.473794415745
1 55.96376030455625 0.0007729530334472656 0.05231475830078125 0.09523809523809523 1.0 1508.3928509114833
1 53.44522729783094 0.0008120536804199219 0.05312681198120117 0.09523809523809523 1.0 1440.5107579024452
1 51.04003564757356 0.0007359981536865234 0.053862810134887695 0.09523809523809523 1.0 1375.6835577540476
1 48.74308466101905 0.0007331371307373047 0.054595947265625 0.09523809523809523 1.0 1313.773771346594
1 46.5495031915053 0.0007169246673583984 0.0553128719329834 0.09523809523809523 1.0 1254.650106523144
1 44.45463930822679 0.0008220672607421875 0.056134939193725586 0.09523809523809523 1.0 1198.1871796580822
1 42.45405043087926 0.0007450580596923828 0.05687999725341797 0.09523809523809523 1.0 1144.265249755914
1 40.543493908274655 0.0008339881896972656 0.057713985443115234 0.09523809523809523 1.0 1092.7699645163968
1 38.71891802094559 0.0007560253143310547 0.05847001075744629 0.09523809523809523 1.0 1043.5921178274823
1 36.97645338865919 0.0007412433624267578 0.05921125411987305 0.09523809523809523 1.0 996.6274181717856
1 35.31240476461781 0.0007379055023193359 0.05994915962219238 0.09523809523809523 1.0 951.7762674554405
1 33.72324319894486 0.0007328987121582031 0.060682058334350586 0.09523809523809523 1.0 908.9435497903052
1 32.20559855483662 0.0008399486541748047 0.06152200698852539 0.09523809523809523 1.0 868.0384297815883
1 30.756252361509116 0.0007560253143310547 0.062278032302856445 0.09523809523809523 1.0 828.9741598931159
1 29.372130988783415 0.000701904296875 0.06297993659973145 0.09523809523809523 1.0 791.667896481734
1 28.050299128834443 0.0007119178771972656 0.06369185447692871 0.09523809523809523 1.0 756.0405241106945
1 26.78795357128018 0.0007109642028808594 0.06440281867980957 0.09523809523809523 1.0 722.016487769454
1 25.58241725841019 0.0007190704345703125 0.06512188911437988 0.09523809523809523 1.0 689.523632644077
1 24.43113360794612 0.0006880760192871094 0.06580996513366699 0.09523809523809523 1.0 658.4930510984356
1 23.331661091294677 0.000843048095703125 0.06665301322937012 0.09523809523809523 1.0 628.8589365417042
1 22.28166805579506 0.0008120536804199219 0.06746506690979004 0.09523809523809523 1.0 600.5584438722453
1 21.278927779980382 0.000743865966796875 0.06820893287658691 0.09523809523809523 1.0 573.5315562019273
1 20.321313751366905 0.0007848739624023438 0.06899380683898926 0.09523809523809523 1.0 547.7209575782408
1 19.406795156756466 0.0007650852203369141 0.06975889205932617 0.09523809523809523 1.0 523.0719114342903
1 18.533432575488515 0.0007219314575195312 0.0704808235168457 0.09523809523809523 1.0 499.5321445088912
1 17.69937386650848 0.0007197856903076172 0.07120060920715332 0.09523809523809523 1.0 477.05173599060396
1 16.902850240530054 0.0007450580596923828 0.0719456672668457 0.09523809523809523 1.0 455.5830116506114
1 16.14217250896161 0.0007276535034179688 0.07267332077026367 0.09523809523809523 1.0 435.0804427399234
1 15.41572750164204 0.0007169246673583984 0.07339024543762207 0.09523809523809523 1.0 415.5005494365072
1 14.721974645788865 0.0007181167602539062 0.07410836219787598 0.09523809523809523 1.0 396.80180863757727
1 14.059442698903696 0.0007269382476806641 0.07483530044555664 0.09523809523809523 1.0 378.94456590150105
1 13.426726628706577 0.0007398128509521484 0.07557511329650879 0.09523809523809523 1.0 361.8909513525797
1 12.82248463348236 0.0008640289306640625 0.07643914222717285 0.09523809523809523 1.0 345.60479937035683
1 12.245435296520196 0.0007317066192626953 0.07717084884643555 0.09523809523809523 1.0 330.05157189314485
1 11.694354868611663 0.0006971359252929688 0.07786798477172852 0.09523809523809523 1.0 315.1982851731175
1 11.168074672844345 0.0006930828094482422 0.07856106758117676 0.09523809523809523 1.0 301.0134398276363
1 10.665478626187314 0.0006856918334960938 0.07924675941467285 0.09523809523809523 1.0 287.4669540384727
1 10.185500872612577 0.0006849765777587891 0.07993173599243164 0.09523809523809523 1.0 274.53009975726144
1 9.727123522732892 0.0007328987121582031 0.08066463470458984 0.09523809523809523 1.0 262.17544178189365
1 9.289374495162589 0.0007801055908203125 0.08144474029541016 0.09523809523809523 1.0 250.37677957465206
1 8.871325455023404 0.0007119178771972656 0.08215665817260742 0.09523809523809523 1.0 239.10909169869984
1 8.47208984522361 0.0007119178771972656 0.08286857604980469 0.09523809523809523 1.0 228.3484827550892
1 8.090821006335366 0.0007119178771972656 0.08358049392700195 0.09523809523809523 1.0 218.07213270776188
1 7.7267103810830635 0.0007119178771972656 0.08429241180419922 0.09523809523809523 1.0 208.2582484890711
1 7.378985799634941 0.0007121562957763672 0.08500456809997559 0.09523809523809523 1.0 198.88601778319716
1 7.046909842061643 0.0007100105285644531 0.08571457862854004 0.09523809523809523 1.0 189.9355648894455
1 6.7297782744888925 0.0007128715515136719 0.08642745018005371 0.09523809523809523 1.0 181.3879085718242
1 6.426918555627875 0.0007119178771972656 0.08713936805725098 0.09523809523809523 1.0 173.22492180551464
1 6.137688410516155 0.0007100105285644531 0.08784937858581543 0.09523809523809523 1.0 165.4292933348687
1 5.861474468444401 0.0007121562957763672 0.0885615348815918 0.09523809523809523 1.0 157.98449096140868
1 5.597690962180382 0.0008769035339355469 0.08943843841552734 0.09523809523809523 1.0 150.87472648397397
1 5.345778485731733 0.0007500648498535156 0.09018850326538086 0.09523809523809523 1.0 144.0849222166648
1 5.105202808013 0.0008172988891601562 0.09100580215454102 0.09523809523809523 1.0 137.60067901357584
1 4.875453739901135 0.0007219314575195312 0.09172773361206055 0.09523809523809523 1.0 131.40824573251032
