1 276.1420741285622 0.0007138252258300781 0.0007138252258300781 0.33333333333333337 1.0 614.7800102927796
1 263.7148725886086 0.0007109642028808594 0.0014247894287109375 0.33333333333333337 1.0 613.4646847338414
1 251.84693148950598 0.002727985382080078 0.004152774810791016 0.5714285714285715 1.0 611.3724604215921
1 240.5130824745896 0.002743959426879883 0.0068967342376708984 0.5714285714285715 1.0 608.0338590443
1 229.6892898369068 0.0027971267700195312 0.00969386100769043 0.5714285714285715 1.0 603.4563899031841
1 219.3525995466646 0.002737283706665039 0.012431144714355469 0.5714285714285715 1.0 597.8180207954963
1 209.48109057259202 0.0028030872344970703 0.015234231948852539 0.5714285714285715 1.0 591.2779578881871
1 200.0538283939829 0.0027599334716796875 0.017994165420532227 0.5714285714285715 1.0 583.9784360626255
1 191.05082060483355 0.0028069019317626953 0.020801067352294922 0.5714285714285715 1.0 576.0463454574844
1 182.45297451592344 0.002785205841064453 0.023586273193359375 0.5714285714285715 1.0 567.5947089040676
1 174.24205666492702 0.0027892589569091797 0.026375532150268555 0.5714285714285715 1.0 558.7240236428222
1 166.40065414868843 0.0027840137481689453 0.0291595458984375 0.5714285714285715 1.0 549.5234795196667
1 158.91213769565738 0.002725839614868164 0.031885385513305664 0.5714285714285715 1.0 540.0720647759096
1 151.76062640017338 0.004051923751831055 0.03593730926513672 0.7499999999999999 1.0 530.407879678666
1 144.93095404381052 0.004051923751831055 0.03998923301696777 0.7499999999999999 1.0 520.4638019188134
1 138.4086369323599 0.005549907684326172 0.045539140701293945 0.6666666666666665 1.0 510.28666845504335
1 132.17984318024264 0.0054759979248046875 0.05101513862609863 0.6666666666666665 1.0 499.91211129993087
1 126.23136337721347 0.005445003509521484 0.05646014213562012 0.6666666666666665 1.0 489.4049058206115
1 120.5505825751492 0.005445003509521484 0.0619051456451416 0.6 1.0 478.78754064385276
1 115.12545353551317 0.005388021469116211 0.06729316711425781 0.6 1.0 468.0603908613713
1 109.94447118076232 0.005625724792480469 0.07291889190673828 0.6 1.0 456.7907769064327
1 104.99664819551582 0.006099224090576172 0.07901811599731445 0.5454545454545454 1.0 443.770756689977
1 100.27149172574222 0.007339954376220703 0.08635807037353516 0.5 1.0 431.3979849766198
1 95.75898112655172 0.007436990737915039 0.0937950611114502 0.5 1.0 419.31660539082145
1 91.44954671140266 0.00740504264831543 0.10120010375976562 0.5 1.0 407.4710010019113
1 87.33404945765604 0.007982969284057617 0.10918307304382324 0.4615384615384615 1.0 395.88510826973584
1 83.40376162543937 0.008905172348022461 0.1180882453918457 0.4615384615384615 1.0 384.5529508387888
1 79.65034824871853 0.00890493392944336 0.12699317932128906 0.4615384615384615 1.0 373.45948922915534
1 76.06584945932549 0.008841991424560547 0.1358351707458496 0.4615384615384615 1.0 362.61784919778194
1 72.64266360645647 0.008725881576538086 0.1445610523223877 0.4615384615384615 1.0 352.03846590502013
1 69.3735311358421 0.01212167739868164 0.15668272972106934 0.42857142857142855 1.0 341.71294808736445
1 66.25151919440222 0.012089967727661133 0.16877269744873047 0.4 1.0 331.047130044667
1 63.27000692773607 0.011958122253417969 0.18073081970214844 0.37499999999999994 1.0 320.47285701870317
1 60.42267143926872 0.01236271858215332 0.19309353828430176 0.35294117647058826 1.0 310.4359723326755
1 57.703474381276756 0.012648820877075195 0.20574235916137695 0.35294117647058826 1.0 300.83400810728904
1 55.10664914935712 0.016858816146850586 0.22260117530822754 0.4444444444444444 1.0 291.2690251989213
1 52.62668865318245 0.021163225173950195 0.24376440048217773 0.4210526315789473 1.0 281.9615385099414
1 50.2583336376081 0.022067785263061523 0.26583218574523926 0.4210526315789473 1.0 273.08705345684587
1 47.99656152936354 0.02199721336364746 0.2878293991088867 0.4210526315789473 1.0 264.46371859656125
1 45.83657578567534 0.02250194549560547 0.3103313446044922 0.4 1.0 255.9903549944554
1 43.773795722233274 0.022876977920532227 0.3332083225250244 0.4 1.0 247.73912633593798
1 41.80384679892763 0.022435903549194336 0.35564422607421875 0.4 1.0 239.73798727627445
1 39.922551342756925 0.023678064346313477 0.3793222904205322 0.38095238095238093 1.0 231.93614877767828
1 38.12591968823185 0.030126094818115234 0.40944838523864746 0.38095238095238093 1.0 224.37187401222675
1 36.41014171648693 0.023931026458740234 0.4333794116973877 0.38095238095238093 1.0 217.0598004151292
1 34.77157877515697 0.04338192939758301 0.4767613410949707 0.3333333333333333 1.0 209.94263469494672
1 33.20675596188271 0.04905414581298828 0.525815486907959 0.32000000000000006 1.0 203.05384207937868
1 31.712354755081293 0.039041996002197266 0.5648574829101562 0.3076923076923077 1.0 196.40834309331586
1 30.285205976353637 0.02798938751220703 0.5928468704223633 0.2962962962962963 1.0 189.94968708174468
1 28.922283069604077 0.026329994201660156 0.6191768646240234 0.2962962962962963 1.0 183.7079809693169
1 27.620695682619278 0.03026890754699707 0.6494457721710205 0.27586206896551724 1.0 177.68622235596334
1 26.377683537494924 0.03527402877807617 0.6847198009490967 0.27586206896551724 1.0 171.87268619986176
1 25.190610576911045 0.04339289665222168 0.7281126976013184 0.26666666666666666 1.0 166.2470187969716
1 24.05695937384224 0.040621042251586914 0.7687337398529053 0.26666666666666666 1.0 160.83434167541648
1 22.97432579284716 0.05011773109436035 0.8188514709472656 0.25 1.0 155.6794665174387
1 21.94041389161569 0.05647683143615723 0.8753283023834229 0.24242424242424243 1.0 150.65747705447293
1 20.95303105196133 0.05780196189880371 0.9331302642822266 0.2352941176470588 1.0 145.74602710171715
1 20.010083329933277 0.0668020248413086 0.9999322891235352 0.2222222222222222 1.0 140.9997399091983
1 19.109571015187022 0.06510806083679199 1.0650403499603271 0.2105263157894737 1.0 136.3445558770156
1 18.24958439019621 0.06558799743652344 1.1306283473968506 0.20512820512820512 1.0 131.7932351508846
1 17.42829968031251 0.10109305381774902 1.2317214012145996 0.19047619047619047 1.0 127.31974531187855
1 16.64397518608453 0.06532025337219238 1.297041654586792 0.19512195121951217 1.0 122.99902902529195
1 15.894947589633716 0.11057686805725098 1.407618522644043 0.19047619047619047 1.0 118.80696054008385
1 15.179628427254226 0.1294078826904297 1.5370264053344727 0.18604651162790697 1.0 114.78424012319991
1 14.496500720756039 0.13491010665893555 1.6719365119934082 0.18604651162790697 1.0 110.84044628609456
1 13.844115760407528 0.12628626823425293 1.7982227802276611 0.19047619047619047 1.0 106.99484478229368
1 13.221090032655034 0.12203288078308105 1.9202556610107422 0.19047619047619047 1.0 103.24880411728286
1 12.626102286104022 0.12212610244750977 2.042381763458252 0.19047619047619047 1.0 99.5942862560414
1 12.057890729539725 0.12189102172851562 2.1642727851867676 0.18604651162790697 1.0 96.03469026563376
1 11.515250356045017 0.11179804801940918 2.2760708332061768 0.18604651162790697 1.0 92.5894423561812
1 10.997030387540796 0.13632416725158691 2.4123950004577637 0.18181818181818182 1.0 89.2476004287683
1 10.502131834329603 0.13074779510498047 2.543142795562744 0.1777777777777778 1.0 86.01536735443989
1 10.029505164466853 0.1286630630493164 2.6718058586120605 0.1739130434782609 1.0 82.84427256254695
1 9.57814807801719 0.12950778007507324 2.801313638687134 0.1739130434782609 1.0 79.72205744062877
1 9.147103381475862 0.12850308418273926 2.929816722869873 0.1739130434782609 1.0 76.69383325193343
1 8.735456957847319 0.1285390853881836 3.0583558082580566 0.1739130434782609 1.0 73.75947539749988
1 8.342335828076207 0.12778401374816895 3.1861398220062256 0.1739130434782609 1.0 70.9184914288561
1 7.966906299719682 0.19214415550231934 3.378283977508545 0.1702127659574468 1.0 68.17073469433714
1 7.6083721989348545 0.12009406089782715 3.498378038406372 0.1702127659574468 1.0 65.5333844579181
1 7.26597318203197 0.1300678253173828 3.628445863723755 0.1702127659574468 1.0 62.98221401625784
1 6.938983123012674 0.12978672981262207 3.758232593536377 0.1702127659574468 1.0 60.51363249927915
1 6.626708573673744 0.12803292274475098 3.886265516281128 0.1702127659574468 1.0 58.12676209337171
1 6.328487293010653 0.12859797477722168 4.01486349105835 0.1702127659574468 1.0 55.8205106363714
1 6.043686842802318 0.13033580780029297 4.145199298858643 0.1702127659574468 1.0 53.59360767355254
1 5.771703246398594 0.12996912002563477 4.275168418884277 0.1702127659574468 1.0 51.44463249834307
1 5.5119597078663 0.1295459270477295 4.404714345932007 0.1702127659574468 1.0 49.372039169367845
1 5.263905388777398 0.12988710403442383 4.534601449966431 0.1702127659574468 1.0 47.37417912628784
1 5.027014240045282 0.19377613067626953 4.7283775806427 0.16666666666666666 1.0 45.45349038235715
1 4.80078388633187 0.1284332275390625 4.856810808181763 0.163265306122449 1.0 43.59482760209914
1 4.58473456065964 0.2571709156036377 5.1139817237854 0.15999999999999998 1.0 41.79397010777116
1 4.378408086969208 0.3245198726654053 5.438501596450806 0.1568627450980392 1.0 40.047498975634106
1 4.181366908464852 0.32387876510620117 5.762380361557007 0.1568627450980392 1.0 38.368666982557315
1 3.9931931596872836 0.5131399631500244 6.275520324707031 0.15384615384615383 1.0 36.75513522406032
1 3.8134877803458704 0.45897483825683594 6.734495162963867 0.15384615384615383 1.0 35.20852304179665
1 3.641869669031023 0.46331119537353516 7.197806358337402 0.15384615384615383 1.0 33.72222428603964
1 3.4779748750119794 0.4600350856781006 7.657841444015503 0.15384615384615383 1.0 32.29432843463964
1 3.3214558264060567 0.4481618404388428 8.106003284454346 0.15384615384615383 1.0 30.9229536523893
1 3.17198059308256 0.4522688388824463 8.558272123336792 0.15384615384615383 1.0 29.606237156685886
1 3.0292321827381588 0.450610876083374 9.008882999420166 0.15384615384615383 1.0 28.34234009580229
1 2.892907868650931 0.44957900047302246 9.458461999893188 0.15384615384615383 1.0 27.129451741833115
