1 120.33702090594922 0.022752046585083008 0.022752046585083008 0.09523809523809523 1.0 1329.6076925501334
1 114.92150276647293 0.0007920265197753906 0.0235440731048584 0.09523809523809523 1.0 1269.7717498603645
1 109.74969879324576 0.0007419586181640625 0.02428603172302246 0.09523809523809523 1.0 1212.6285078452722
1 104.81064113549134 0.0007228851318359375 0.0250089168548584 0.09523809523809523 1.0 1158.0568157086848
1 100.09385552781862 0.0007340908050537109 0.02574300765991211 0.09523809523809523 1.0 1105.9409658819907
1 95.58933907743487 0.0007178783416748047 0.026460886001586914 0.09523809523809523 1.0 1056.1704518397821
1 91.28753905099924 0.0007381439208984375 0.02719902992248535 0.09523809523809523 1.0 1008.6397359488778
1 87.17933261612981 0.0008111000061035156 0.028010129928588867 0.09523809523809523 1.0 963.2480271693167
1 83.25600749460233 0.0007312297821044922 0.02874135971069336 0.09523809523809523 1.0 919.8990683496631
1 79.50924348621143 0.0007188320159912109 0.02946019172668457 0.09523809523809523 1.0 878.5009328125353
1 75.93109482411234 0.0007181167602539062 0.030178308486938477 0.09523809523809523 1.0 838.9658299001629
1 72.51397332422364 0.0007221698760986328 0.03090047836303711 0.09523809523809523 1.0 801.2099191372133
1 69.25063229295652 0.0007929801940917969 0.031693458557128906 0.09523809523809523 1.0 765.1531326647397
1 66.13415115914304 0.0007338523864746094 0.032427310943603516 0.09523809523809523 1.0 730.7190056016882
1 63.15792079757274 0.0007317066192626953 0.03315901756286621 0.09523809523809523 1.0 697.8345139969523
1 60.31562951301301 0.0007500648498535156 0.03390908241271973 0.09523809523809523 1.0 666.4299200439697
1 57.60124965498957 0.0007281303405761719 0.0346372127532959 0.09523809523809523 1.0 636.4386242404062
1 55.00902483494105 0.000743865966796875 0.03538107872009277 0.09523809523809523 1.0 607.7970241868114
1 52.533457718638964 0.0007240772247314453 0.03610515594482422 0.09523809523809523 1.0 580.4443797299274
1 50.16929836798452 0.0007212162017822266 0.036826372146606445 0.09523809523809523 1.0 554.322684168178
1 47.911533107458716 0.0007190704345703125 0.03754544258117676 0.09523809523809523 1.0 529.3765412486289
1 45.75537389161483 0.0007162094116210938 0.03826165199279785 0.09523809523809523 1.0 505.5530476962405
1 43.696248151064694 0.0007781982421875 0.03903985023498535 0.09523809523809523 1.0 482.80168102743727
1 41.72978909542549 0.0007951259613037109 0.03983497619628906 0.09523809523809523 1.0 461.0741924108792
1 39.8518264526622 0.0007269382476806641 0.04056191444396973 0.09523809523809523 1.0 440.32450434876273
1 38.05837762518684 0.0007302761077880859 0.04129219055175781 0.09523809523809523 1.0 420.5086129620451
1 36.34563924395899 0.0007588863372802734 0.042051076889038086 0.09523809523809523 1.0 401.5844946726231
1 34.70997910267664 0.0007250308990478516 0.04277610778808594 0.09523809523809523 1.0 383.51201708474645
1 33.14792845495202 0.0007219314575195312 0.04349803924560547 0.09523809523809523 1.0 366.25285387679355
1 31.656174658137033 0.0007181167602539062 0.044216156005859375 0.09523809523809523 1.0 349.77040352300605
1 30.23155414819806 0.0007150173187255859 0.04493117332458496 0.09523809523809523 1.0 334.0297116728702
1 28.871045730742033 0.0007188320159912109 0.04565000534057617 0.09523809523809523 1.0 318.9973970235787
1 27.571764173965903 0.0007250308990478516 0.04637503623962402 0.09523809523809523 1.0 304.6415805283961
1 26.33095408994218 0.0007302761077880859 0.04710531234741211 0.09523809523809523 1.0 290.93181779081743
1 25.145984091264495 0.0007171630859375 0.04782247543334961 0.09523809523809523 1.0 277.8390345011644
1 24.01434121066122 0.0007269382476806641 0.04854941368103027 0.09523809523809523 1.0 265.3354647787049
1 22.933625571742827 0.0007381439208984375 0.04928755760192871 0.09523809523809523 1.0 253.3945922885477
1 21.90154529958121 0.0007181167602539062 0.05000567436218262 0.09523809523809523 1.0 241.99109400843992
1 20.915911660327804 0.0007190704345703125 0.05072474479675293 0.09523809523809523 1.0 231.10078652621752
1 19.97463441956316 0.0007197856903076172 0.05144453048706055 0.09523809523809523 1.0 220.70057475402507
1 19.07571740953434 0.0007688999176025391 0.052213430404663086 0.09523809523809523 1.0 210.76840295054188
1 18.2172542958796 0.0008068084716796875 0.05302023887634277 0.09523809523809523 1.0 201.28320794735006
1 17.39742453486288 0.0008189678192138672 0.05383920669555664 0.09523809523809523 1.0 192.22487448025154
1 16.614489512544555 0.0007338523864746094 0.05457305908203125 0.09523809523809523 1.0 183.57419253080576
1 15.866788857700813 0.0007250308990478516 0.0552980899810791 0.09523809523809523 1.0 175.31281658762268
1 15.15273692067242 0.0007319450378417969 0.0560300350189209 0.09523809523809523 1.0 167.4232267410157
1 14.470819410675658 0.0008671283721923828 0.05689716339111328 0.09523809523809523 1.0 159.88869152850978
1 13.819590184444039 0.0008950233459472656 0.05779218673706055 0.09523809523809523 1.0 152.69323245240912
1 13.197668179390602 0.0009028911590576172 0.058695077896118164 0.09523809523809523 1.0 145.82159009417933
1 12.603734484786854 0.0008490085601806641 0.05954408645629883 0.09523809523809523 1.0 139.2591917537803
1 12.036529544747225 0.0007669925689697266 0.060311079025268555 0.09523809523809523 1.0 132.99212054532435
1 11.49485048708744 0.0007581710815429688 0.06106925010681152 0.09523809523809523 1.0 127.00708588352019
1 10.977548572392022 0.0008509159088134766 0.061920166015625 0.09523809523809523 1.0 121.29139529831265
1 10.483526757881306 0.0007433891296386719 0.06266355514526367 0.09523809523809523 1.0 115.83292751794727
1 10.011737370911492 0.0007402896881103516 0.06340384483337402 0.09523809523809523 1.0 110.62010676337438
1 9.561179887174056 0.0007297992706298828 0.0641336441040039 0.09523809523809523 1.0 105.64187819948128
1 9.130898808882652 0.0007491111755371094 0.06488275527954102 0.09523809523809523 1.0 100.88768449109008
1 8.719981638447848 0.0007429122924804688 0.06562566757202148 0.09523809523809523 1.0 96.34744341400504
1 8.327556943342408 0.00074005126953125 0.06636571884155273 0.09523809523809523 1.0 92.01152647362737
1 7.952792508053291 0.0007522106170654297 0.06711792945861816 0.09523809523809523 1.0 87.87073848579553
1 7.594893569201259 0.0007300376892089844 0.06784796714782715 0.09523809523809523 1.0 83.91629807654762
1 7.253101130085231 0.0007219314575195312 0.06856989860534668 0.09523809523809523 1.0 80.13981905945107
1 6.926690351077066 0.0007243156433105469 0.06929421424865723 0.09523809523809523 1.0 76.53329265100687
1 6.614969012453343 0.0007171630859375 0.07001137733459473 0.09523809523809523 1.0 73.08907048641376
1 6.317276046404158 0.0007231235504150391 0.07073450088500977 0.09523809523809523 1.0 69.79984839967132
1 6.032980135105847 0.0007219314575195312 0.0714564323425293 0.09523809523809523 1.0 66.6586509336268
1 5.761478371884531 0.0007648468017578125 0.07222127914428711 0.09523809523809523 1.0 63.65881654711489
1 5.502194982631219 0.0008540153503417969 0.0730752944946289 0.09523809523809523 1.0 60.7939834878194
1 5.254580104756991 0.0007617473602294922 0.0738370418548584 0.09523809523809523 1.0 58.058076300897895
1 5.018108621098752 0.0007441043853759766 0.07458114624023438 0.09523809523809523 1.0 55.44529294475731
1 4.792279046302629 0.0007581710815429688 0.07533931732177734 0.09523809523809523 1.0 52.95009248665733
1 4.576612463323416 0.000759124755859375 0.07609844207763672 0.09523809523809523 1.0 50.56718335204815
1 4.370651507784623 0.0008997917175292969 0.07699823379516602 0.09523809523809523 1.0 48.291512102721924
1 4.173959398045292 0.0008552074432373047 0.07785344123840332 0.09523809523809523 1.0 46.11825271998029
1 3.9861190089166763 0.0007610321044921875 0.07861447334289551 0.09523809523809523 1.0 44.04279637009106
1 3.80673198706435 0.0007312297821044922 0.079345703125 0.09523809523809523 1.0 42.06074163032896
1 3.6354179062198195 0.000720977783203125 0.08006668090820312 0.09523809523809523 1.0 40.16788515487327
1 3.4718134604101003 0.000720977783203125 0.08078765869140625 0.09523809523809523 1.0 38.36021276076747
1 3.3155716934943036 0.0007538795471191406 0.08154153823852539 0.09523809523809523 1.0 36.633890915036666
1 3.166361263373336 0.0007569789886474609 0.08229851722717285 0.09523809523809523 1.0 34.985258604909646
1 3.0238657393123303 0.0007240772247314453 0.0830225944519043 0.09523809523809523 1.0 33.41081957390492
1 2.8877829308856087 0.0007569789886474609 0.08377957344055176 0.09523809523809523 1.0 31.907234907315377
1 2.757824247121085 0.0007276535034179688 0.08450722694396973 0.09523809523809523 1.0 30.471315951367917
1 2.6337140844850637 0.0007369518280029297 0.08524417877197266 0.09523809523809523 1.0 29.100017551041745
1 2.515189242409486 0.0007238388061523438 0.085968017578125 0.09523809523809523 1.0 27.790431592204413
1 2.4019983651221892 0.0007228851318359375 0.08669090270996094 0.09523809523809523 1.0 26.539780834370852
1 2.293901408596415 0.0007188320159912109 0.08740973472595215 0.09523809523809523 1.0 25.345413021006163
1 2.1906691314891633 0.0007228851318359375 0.08813261985778809 0.09523809523809523 1.0 24.204795254882026
1 2.092082608988805 0.0007569789886474609 0.08888959884643555 0.09523809523809523 1.0 23.11550862655862
1 1.9979327685409807 0.0007481575012207031 0.08963775634765625 0.09523809523809523 1.0 22.075243084600547
1 1.9080199464681773 0.0007770061492919922 0.09041476249694824 0.09523809523809523 1.0 21.081792536647907
1 1.8221534645427455 0.0007648468017578125 0.09117960929870605 0.09523809523809523 1.0 20.133050170953783
1 1.740151225615349 0.0007219314575195312 0.09190154075622559 0.09523809523809523 1.0 19.22700398846602
1 1.6618393274413272 0.0007300376892089844 0.09263157844543457 0.09523809523809523 1.0 18.361732535978426
1 1.587051693886002 0.0007190704345703125 0.09335064888000488 0.09523809523809523 1.0 17.535400831302766
1 1.5156297227268236 0.0007600784301757812 0.09411072731018066 0.09523809523809523 1.0 16.746256471819855
1 1.447421949305446 0.0007402896881103516 0.09485101699829102 0.09523809523809523 1.0 15.992625918157216
1 1.3822837253164537 0.0007238388061523438 0.09557485580444336 0.09523809523809523 1.0 15.27291094511223
1 1.320076912051526 0.0007188320159912109 0.09629368782043457 0.09523809523809523 1.0 14.585585252294019
1 1.2606695874485163 0.0007171630859375 0.09701085090637207 0.09523809523809523 1.0 13.92919122729642
